6047
16537
21182
34207
58825
26758
90768
117583
140238
161928
159299
163171
176904
187934
202025
201191
230578
235794
240796
244104
228664
251009
265906
291990
313986
297892
338970
340674
356527
387802
363484
413613
443207
471589
483098
471073
503643
512313
531349
564072
531869
590500
591922
611534
626785
601257
628794
633588
659565
677876
664258
680085
709063
718874
732224
710219
754210
758438
771258
777128
772540
798054
812288
824321
841481
810591
850006
861971
863146
866212
861943
886935
889035
893298
920266
898993
927574
945363
957264
968768
963025
983066
1004718
1032211
1052730
1047175
1076102
1089083
1102147
1126938
1109589
1138159
1170743
1197231
1211311
1186462
1229248
1238951
1267771
1287726
