24085
56394
67331
94454
117919
101720
139768
159940
189675
206295
202632
209495
216292
241757
260358
240470
261254
272343
292901
318367
294497
345256
370233
390379
407743
396277
432068
460339
478148
480443
473897
511109
514111
540751
565015
558133
596630
627821
644577
675589
650199
707254
727847
748528
750487
725833
762712
763127
772871
779667
761271
799904
815722
819715
852299
851450
866286
896070
908976
931517
917360
938180
962144
980578
996977
968787
1008625
1020428
1044422
1057088
1030061
1079021
1081292
1092230
1120139
1095566
1121482
1143988
1152636
1161599
1139708
1187038
1199813
1225778
1231711
1207166
1257080
1264223
1287470
1291582
1270952
1294552
1314130
1329746
1360251
1330057
1376757
1401372
1419682
1432391
1401607
1441728
1454751
1476496
1489712
1488991
1515746
1537543
1562692
1594839
1585394
1611065
1613434
1629705
1629981
1601658
1642606
1651351
1672897
1698236
1669372
1722483
1738145
1745855
1771969
1743510
1775649
1786180
1800104
1825178
1800213
1835298
1861149
1870649
1888696
1881665
1894290
1897550
1913966
1930165
1925677
1936455
1937287
1943501
1950847
1935256
1962124
1972034
2002782
2015767
1991796
2038060
2045449
2050337
2083070
2076764
2085322
2102170
2106116
2121760
2109674
2149224
2162571
2164056
2189098
2182528
2193605
2194060
2211970
2221510
2219982
2230068
2240830
2241901
2261103
2252089
2281389
2297051
2308693
2324483
2292875
2324955
2345096
2356038
2382550
2369244
2391839
2422603
2446603
2469698
2458836
2486439
2493693
2512110
2543862
2529915
2564514
2596367
2614124
2619350
2603388
2651399
2669033
2698376
2724658
2712449
2744709
2747200
2764685
2794936
2793910
2817356
2845848
2850920
2865880
2848348
2881561
2888765
2903639
2915358
2902616
2944453
2965850
2996961
3018255
3012186
3049452
3055494
3069689
3093156
3070905
3098251
3122171
3128646
3132363
3124711
3142171
3149949
3158999
3169587
3168748
3198682
3211560
3214743
3225879
3225648
3256618
3272708
3300954
3332281
3310528
3340081
3370231
3392097
3409256
3385439
3412620
3432680
3461938
3493477
3477079
3516434
3549055
3578949
3604964
3583882
3635822
3636402
3664022
3690526
3681246
3695551
3726163
3729597
3745731
3719036
3756990
3787044
3795938
3822655
3810567
3843506
3846720
3855753
3871793
3845483
3901724
3907727
3934257
3947486
3935720
3957546
3971983
3983434
3998806
3974342
4030884
4052681
4060001
4089385
4065242
4103317
4131777
4135379
4164207
4132659
4177728
4205156
4209419
4222112
4215557
4239407
4245630
4276390
4308262
4305893
4326010
4332926
4343527
4345653
4320038
4371110
4402224
4424224
4428928
4420964
4448879
4461371
4473378
4482199
4475967
4496141
4514692
4533722
4559905
4555241
4568552
4585165
4593956
4596275
4588744
4598766
4631485
4633268
4642999
4636529
4660526
4664982
4691273
4722868
4697097
4740053
4766632
4786456
4796101
4782497
4821676
4825542
4840454
4871432
4844599
4875290
4878732
4880868
4887337
4856988
4899554
4919420
4928250
4942630
4935909
4953397
4968292
4994437
5009930
5002477
5024455
5037659
5039736
5068607
5059476
5078148
5106522
5110478
5125924
5112242
5127724
5154078
5180416
5208827
5189847
5240757
5272873
5290221
5298810
5292804
5324315
5333110
5346847
5355487
5327288
5359290
5372401
5383198
5412601
5395433
5444060
5453414
5458761
5465380
5436941
5485961
5494446
5513350
5534875
5508043
5538714
5551833
5582108
5582461
5551428
5600133
5602890
5616327
5625343
5609644
5657680
5659430
5683610
5702304
5692513
5711571
5737215
5755319
5757335
5734439
5787887
5800381
5811150
5839763
5814452
5869174
5878662
5898449
5908699
5896813
5934441
5966884
5995868
6008826
5988341
6012531
6019911
6031056
6050843
6031177
6080672
6100262
6121102
6149136
6123372
6180327
6209932
6217734
6236153
6222445
6250206
6281918
6288970
6310381
6278325
6311747
6323802
6338510
6361468
6330621
6371004
6382345
6395762
6409265
6386632
6438794
6468736
6471875
6502494
6481816
6512444
6522238
6550849
6556519
6536944
6578665
6608644
6631194
6652698
6649085
6669312
6670622
6695947
6714768
6692400
6740329
6767849
6775983
6803108
6787662
6819645
6841928
6852601
6865078
6857959
6873882
6881554
6883912
6902791
6874945
6924158
6954628
6983464
7005308
6974754
7010167
7019680
7036284
7049275
7042352
7066038
7075419
7098566
7111678
7098717
7139942
7158050
7169753
7182057
7170381
7208648
7216408
7220882
7245960
7218757
7261584
7275640
7280553
7313143
7289593
7327231
7332874
7340632
7370475
7352099
7379323
7400237
7404282
7409693
7401603
7435415
7438997
7470288
7488617
7487613
7493129
7513778
7516482
7527115
7522631
7546076
7566908
7591803
7613863
7611822
7615472
7631824
7658053
7684128
7682418
7691763
7701867
7712483
7737595
7710449
7750830
7754270
7756956
7767503
7755883
7790559
7813539
7843542
7847692
7847585
7851917
7856221
7874172
7901736
7888931
7927253
7928158
7960072
7985059
7955751
7997011
8022544
8032027
8042122
8020031
8061787
8074174
8106669
8138267
8133731
8146194
8173987
8186962
8213271
8197488
8216413
8241125
8254843
8273883
8244233
8279255
8285960
8305646
8320109
8301040
8334016
8361872
8393890
8396976
8376748
8423812
8430978
8449063
8475798
8470866
8492654
8511553
8533042
8563723
8560640
8578993
8604705
8608465
8641182
8640207
8656780
8665118
8693103
8722287
8694290
8738791
8743717
8752829
8773746
8741412
8779475
8807253
8833690
8847762
8839156
8866028
8869170
8878789
8895730
8891424
8919720
8926373
8947880
8952573
8942489
8983444
8988193
8996363
9003090
8976649
9011702
9031504
9047139
9066538
9057644
9098943
9118157
9150688
9161537
9139183
9191521
9214629
9225347
9245305
9230671
9245438
9253945
9279984
9297289
9294633
9308922
9330427
9334326
9364595
9346459
9369995
9384156
9384705
9402080
9388768
9414341
9435537
9465233
9484075
9461453
9487098
9513453
9543932
9551181
9535507
9564527
9588960
9594746
9613767
9591657
9639527
9666835
9678483
9707107
9695992
9725576
9741388
9743998
9754998
9735376
9777794
9787841
9807143
9821448
9815292
9835119
9857567
9867282
9895762
9880202
9913895
9931292
9956173
9978791
9970545
9991796
10001512
10021841
10054416
10051270
10082051
10107468
10138773
10154758
10149142
10164299
10193162
10205723
10212449
10185609
10213601
10240639
10267121
10276881
10259852
10285388
10314527
10339246
10355314
10355033
10375456
10401540
10411608
10442584
10442467
10473649
10478466
10504109
10526710
10510552
10530296
10559057
10563342
10595093
10583644
10626614
10628115
10660245
10668944
10646026
10680831
10696650
10705707
10721526
10706558
10727769
10734871
10747040
10778530
10769636
10807460
10826402
10856895
10888954
10864027
10902434
10923462
10935840
10951114
10948536
10977547
11004725
11035192
11043623
11027700
11055911
11083999
11111492
11127187
11104549
11143418
11168165
11183722
11208669
11200890
11218099
11242456
11272904
11276065
11250737
11297347
11313054
11332050
11335453
11310216
11348948
11381521
11412261
11441642
11423270
11465073
11465628
11488641
11512052
11497322
11528486
11540228
11569568
11570350
11546313
11599101
11613936
11637819
11648484
11633170
11652637
11677291
11709650
11731796
11707557
11755762
11788428
11808326
11830294
11799030
11853757
11886300
11911451
11919443
11917285
11932467
11960626
11962467
11974273
11963205
11991139
12017986
12031375
12051156
12044176
12052822
12062366
12080514
12099450
12090252
12122913
12144959
12172226
12182443
12170630
12187968
12192200
12220061
12223564
12194298
12253648
12254815
12273690
12285659
12252959
12315249
12343628
12349513
12363196
12353100
12392782
12411804
12440571
12451908
12441822
12467765
12493715
12519793
12525991
12502160
12547597
12567974
12593012
12620195
12590313
12622240
12629337
12630721
12659749
12648672
12682619
12714477
12717004
12733716
12704997
12752025
12763053
12780109
12810962
12788525
12816218
12847205
12862613
12869305
12845286
12885450
12887408
12909272
12938028
12912708
12942469
12959604
12978327
12990763
12963301
12993466
12999425
13025875
13038877
13038106
13041478
13049213
13078581
13102040
13076367
13125613
13153175
13158154
13167930
13141660
13181902
13206829
13232851
13236127
13206016
13265252
13274760
13303560
13305404
13297928
13321672
13326641
13355143
13387003
13371619
13398050
13425496
13457694
13465518
13465342
13490863
13515291
13517276
13541583
13529810
13554747
13569637
13591329
13615093
13594467
13637357
13657285
13689589
13711273
13684852
13729570
13734057
13741282
13742622
13733442
13749847
13771059
13786019
13810891
13805555
13811321
13837222
13851456
13857798
13841836
13872901
13898212
13906410
13930903
13915781
13937752
13946788
13970170
13979620
13947102
14006330
14018852
14037112
14068493
14041742
14070072
14085333
14110384
14111810
14089145
14136643
14157232
14157452
14184053
14172687
14186596
14213353
14229391
14237658
14212518
14266106
14297551
14297802
14326640
14301680
14342206
14348612
14353453
14365434
14341138
14374123
14374822
14388862
14412033
14402516
14412832
14433996
14466328
14493278
14466468
14512580
14535552
14551773
14552154
14539028
14552636
14570260
14578328
14600093
14595130
14628085
14647347
14658972
14664539
14637680
14689322
14698306
14707479
14722459
14715113
14751301
14783471
14788247
14811706
14781753
14838176
14855177
14859717
14883746
14852611
14906938
14922520
14947267
14965405
14946150
14987503
15017613
15048924
15054857
15052889
15073546
15095031
15123764
15133748
15111528
15143378
15163659
15179563
15205280
15191508
15228947
15237497
15257217
15268261
15252784
15291178
15312548
15338558
15343920
15318139
15372395
15399192
15423252
15428130
15409944
15443214
15464580
15465145
15485126
15460877
15491987
15523790
15537903
15556412
15527513
15572222
15585133
15615081
15644853
15618387
15655413
15657391
15681900
15689655
15661989
15693462
15712087
15720322
15722092
15699781
15736090
15756140
15768409
15797078
15787390
15826794
15827860
15845517
15864721
15845155
15866444
15895283
15906323
15909120
15903476
15920522
15943867
15971463
15990785
15990177
16022669
16026601
16057609
16066481
16047720
16075866
16090695
16091817
16109470
16099395
16127896
16140718
16166709
16180239
16176884
16206886
16225467
16241009
16249638
16223005
16268270
16272435
16284162
16293795
16291861
16299313
16323996
16336456
16352598
16344049
16381548
16381631
16410400
16425976
16401466
16426901
16443796
16466782
16493090
16486125
16501913
16516983
16538313
16562999
16562131
16567758
16582077
16606017
16622557
16614944
16634157
16641106
16643068
16658686
16653197
16668717
16690092
16711057
16716406
16685498
16736986
16762289
16776220
16798072
16782661
16817172
16845013
16852086
16857917
16827464
16884218
16890075
16904076
16935432
16908399
16951871
16957547
16987706
16997321
16993022
17025053
17032205
17046706
17065477
17039219
17087473
17108924
17130134
17135857
17116982
17149716
17157076
17183470
17202006
17172662
17209177
17221571
17248053
17261319
17240907
17275792
17294593
17323777
17352174
17337061
17375210
17395554
17404635
17423012
17422809
17426887
17457211
17460831
17464952
17442076
17485845
17512573
17541833
17558987
17544098
17574229
17597485
17616633
17627068
17594532
17659421
17676026
17684938
17685304
17679640
17704913
17735880
17751285
17764220
17763014
17784413
17804102
17812590
17832452
17811911
17858598
17885689
17914829
17928917
17909343
17938899
17949424
17951227
17964559
17948837
17964880
17973749
17978473
17992557
17968612
17999927
18014333
18032007
18032083
18004359
18050427
18062057
18083238
18108927
18085732
18119038
18143365
18149067
18177155
18149565
18189599
18189737
18215112
18246646
18242861
18258692
18271413
18296350
18314157
18301705
18319404
18349754
18378600
18380092
18359995
18405699
18437701
18465572
18487728
18458886
18509250
18521280
18553918
18576484
18550397
18597711
18626571
18639276
18640582
18617892
18641316
18651971
18670708
18695901
18674229
18700803
18728239
18756669
18767993
18762841
18788563
18790979
18821842
18850770
18836577
18855186
18857004
18872276
18887602
18887337
18904452
18931470
18940520
18962390
18959997
18967780
18978466
19009622
19042252
19014040
19058404
19082340
19104295
19112098
19084452
19118211
19148072
19157289
19177803
19162555
19181516
19208119
19236574
19253077
19223592
19258204
19274511
19284352
19298597
19271029
19311083
19324732
19326268
19337519
19331045
19369812
19380470
19394534
19412433
19411989
19423619
19427333
19433773
19442066
19436995
19467188
19496286
19510360
19518806
19505486
19537963
19541320
19545135
19568067
19548709
19598981
19614151
19637428
19651664
19628386
19667932
19698116
19728421
19751394
19730148
19769869
19779351
19811009
19813248
19787502
19839381
19841440
19857401
19879882
19854423
19900581
19920655
19945322
19959368
19940492
19982820
20006759
20018132
20022288
20003898
20037105
20042071
20060847
20072035
20050283
20076470
20107253
20132394
20144703
20133607
20157591
20189515
20214725
20245896
20224259
20258978
20265310
20280131
20287725
20278428
20296791
20309624
20330721
20362205
20339438
20369439
20389455
20408500
20428654
20426077
20438244
20452506
20464182
20494942
20479261
20512203
20521788
20522557
20554281
20536095
20571691
20600957
20631460
20662958
20649860
20666699
20683914
20690339
20699099
20669145
20717435
20745727
20769940
20793837
20778325
20823258
20847745
20849406
20863323
20849177
20882255
20897849
20922763
20939387
20927728
20951558
20972940
20982495
20983423
20981682
20989436
21020525
21032675
21061851
21040295
21088964
21090630
21098501
21112420
21108542
21121585
21141831
21174332
21195284
21192570
21195607
21218885
21248490
21272115
21247995
21298815
21302938
21312533
21337653
21334493
21348383
21350038
21379534
21412092
21405868
21427144
21450408
21462819
21489655
21472191
21511401
21538415
21540774
21556335
21545757
21576924
21596804
21601990
21602956
21590491
21612995
21628547
21660811
21672320
21664500
21675037
21679159
21695034
21721363
21702014
21744621
21753597
21761034
21783857
21783643
21793906
21795773
21806587
21806940
21782254
21833718
21843975
21862894
21882131
21866549
21901147
21930200
21956810
21985745
21969777
22006925
22022762
22050290
22058050
22027378
22084215
22115201
22146542
22149818
22148398
22178844
22193831
22213351
22235370
22224937
22242127
22248797
22258725
22259024
22241297
22275529
22305445
22317776
22339481
22338586
22339763
22343031
22357182
22389543
22387634
22420689
22437312
22469984
22501601
22485294
22529395
22551605
22579818
22607602
22603635
22626279
22626518
22628982
22630171
22622111
22632659
22648898
22653753
22654913
22635256
22669467
22674352
22683136
22711631
22688352
22717815
22732250
22734150
22743577
22735372
22750550
22778580
22798031
22801798
22780781
22814761
22841544
22872470
22890653
22865952
22908681
22909093
22924771
22950933
22939291
22971455
22971890
22994089
23008294
22983808
23010833
23034464
23035807
23047847
23017882
23049205
23075907
23081017
23090036
23070033
23111781
23125321
23147627
23150848
23138463
23179135
23184719
23192988
23213266
23202950
23227800
23231021
23245389
23269081
23242890
23293496
23325967
23348339
23373955
23371514
23393240
23422226
23452913
23456080
23431182
23474610
23493771
23502061
23517341
23501475
23518027
23532691
23537051
23551917
23550573
23554800
23576116
23607621
23614386
23584300
23614481
23644260
23668876
23699090
23676808
23699113
23716728
23719413
23736726
23709949
23768398
23777283
23783776
23786971
23778765
23789022
23816617
23825426
23856621
23832540
23863914
23888487
23894988
23903405
23874478
23905421
23920971
23938394
23956070
23947059
23969277
23991636
24003158
24030339
24016686
24051929
24059245
24067442
24091353
24060228
24117400
24143530
24160384
24182595
24173380
24201588
24224145
24252371
24278933
24273710
24286161
24290231
24304084
24310171
24298387
24330900
24343378
24346088
24368813
24351019
24400079
24410749
24425331
24449593
24438833
24460633
24490445
24495325
24521474
24504037
24536000
24548974
24578439
24596382
24566798
24600026
24620924
24626847
24658006
24636977
24673381
24675847
24679978
24695184
24689048
24717488
24720366
24722819
24735152
24718132
24765996
24787022
24806202
24815747
24814160
24822113
24850872
24878637
24886235
24865314
24916223
24934695
24960164
24972404
24964829
24977251
24981873
25007896
25035717
25022379
25060935
25075961
25105556
25105911
25075262
25112594
25126280
25151832
25184519
25152072
25214011
25231381
25263905
25288603
25258952
25288809
25320287
25321987
25329371
25298791
25359365
25384928
25413339
25436874
25408639
25461197
25476334
25503698
25528907
25517247
25538005
25551795
25581529
25590476
25574784
25594301
25608930
25615470
25641582
25619152
25665650
25688304
25696939
25711010
25705990
25717937
25723377
25754868
25786330
25778872
25815117
25825713
25826498
25847231
25823406
25848054
25876167
25884951
25902774
25902714
25930927
25958178
25960386
25961721
25956525
25992937
26020596
26043530
26075930
26052569
26101782
26110057
26142030
26155049
26153087
26177605
26186138
26210821
26224030
26214124
26252106
26269865
26290362
26319945
26314943
26341617
26353087
26358666
26390080
26369666
26413369
26419833
26420270
26442003
26437308
26466304
26477724
26486604
26517005
26509685
26530863
26544370
26565318
26598013
26583940
26605657
26611010
26641619
26663986
26646813
26678137
26705434
26721546
26745197
26727637
26768552
26782566
26806729
26818915
26802673
26831622
26844252
26859891
26864043
26852053
26886932
26893867
26915314
26926255
26896500
26957059
26967107
26971717
26983902
