27522
50146
77926
89395
93238
63643
94991
103694
122667
138159
113912
146052
175111
202457
229989
221449
237710
252681
262158
294882
273037
312154
315171
323008
353465
321009
364319
380026
406202
413553
404710
421571
429866
434058
440835
435953
454609
484418
492278
499791
476928
511357
530811
550064
581246
553669
603139
631660
638333
668685
653489
688927
712177
735560
753264
752870
780675
808795
814199
816132
794962
830540
856947
880909
900170
883583
920757
924241
931160
949651
944801
950621
960473
986622
1009562
998606
1020747
1030496
1059260
1064155
1040539
1066735
1086355
1097037
1115807
1110065
1147069
1163951
1185964
1205093
1188808
1235456
1244625
1255907
1260086
1250246
1271779
1289357
1296849
1300870
1299631
1316360
1323266
1343516
1369192
1340662
1373155
1391046
1394715
1404043
1388563
1415121
1425452
1444411
1475586
1455854
1477886
1501508
1506648
1523956
1512597
1546343
1547322
1554695
1571787
1548076
1576003
1593053
1596476
1623872
1610581
1632227
1664329
1685525
1706571
1686842
1725364
1743056
1749585
1764114
1736240
1773667
1781412
1792330
1810263
1777613
1812227
1814891
1832804
1851338
1826650
1867291
1893626
1912585
1937069
1928771
1960801
1986008
2001879
2022072
2008766
2052505
2079969
2103439
2124650
2108102
2138999
2147053
2151269
2173584
2155256
2186816
2208959
2215936
2240031
2217497
2240282
2266789
2291168
2309342
2280557
2320180
2324431
2340264
2340816
2321212
2370762
2386054
2411342
2413934
2392608
2429307
2457762
2465772
2481711
2453007
2487694
2516253
2528516
2543895
2513139
2546367
2549862
2581340
2589104
2577641
2599466
2619481
2629929
2643014
2639594
2674787
2690286
2691725
2706571
2697871
2739051
2771061
2773553
2789178
2786577
2810718
2839085
2859283
2863520
2859611
2882916
2891427
2899900
2931923
2931623
2959745
2976915
2990381
2991299
2964967
3014733
3028152
3031666
3063388
3058986
3065249
3082392
3096487
3105302
3100750
3127318
3135128
3160136
3188161
3186159
3189851
3209305
3239268
3244109
3235866
3272226
3298303
3320498
3338503
3335893
3353546
3375887
3396127
3410444
3401219
3436377
3461891
3488844
3505409
3504826
3514622
3519176
3551189
3572937
3566511
3597071
3612008
3628912
3644066
3630947
3653260
3685295
3689062
3715030
3693179
3724761
3732119
3756861
3770708
3752796
3789820
3802317
3814120
3830912
3809151
3839451
3845593
3850380
3879476
