7081
28086
51633
74245
103060
91545
111652
134871
162861
175970
175857
189192
198143
226084
254094
247282
281155
286865
297367
310873
286914
341572
357864
383665
416204
393977
436633
455042
474539
505419
502662
506481
532407
533447
542503
523093
547377
563933
571892
586823
570483
617966
633673
661871
676651
674595
703573
704633
725314
743758
716911
766290
775863
808060
824522
812712
839639
867551
898543
909421
900384
919795
937487
952087
973827
950218
986010
1005237
1006105
1011995
991533
1015650
1018358
1040774
1053863
1053780
1070944
1095651
1124165
1125319
1104684
1131416
1137014
1161100
1179024
1148967
1209451
1222782
1232628
1250315
1222664
1250896
1260141
1276437
1283860
1276816
1294359
1310565
1339821
1348324
1348193
1353258
1364068
1369211
1382779
1368772
1400294
1425436
1455603
1483985
1469847
1489680
1496225
1501449
1510580
1507509
1514770
1517873
1549475
1569479
1546248
1582480
1602269
1602594
1625252
1608791
1636411
1636446
1637457
1663593
1638734
1666968
1694953
1706408
1733070
1717378
1735757
1757491
1779987
1812712
1800684
1828936
1844259
1870853
1887258
1878914
1889799
1896654
1927719
1928534
1917723
1930548
1952386
1976424
1994239
1974392
2022497
2039072
2059052
2087576
2059892
2111479
2141613
2158519
2179179
2150836
2181186
2193327
2208295
2225674
2203106
2240324
2268501
2297767
2313236
2289697
2328738
2358218
2375702
2389901
2383278
2402157
2411212
2419604
2450208
2433258
2450600
2450873
2465120
2492580
2482975
2502284
2521739
2523254
2534970
2508650
2556880
2587716
2607036
2624446
2601833
2651445
2664737
2689934
2712205
2696849
2727588
2729887
2757379
2763236
2742130
2764026
2776017
2807629
2826835
2823656
2828596
2840756
2853501
2864234
2853427
2896527
2902457
2907606
2936768
2931517
2939563
2945332
2964498
2996561
2981922
2998756
3022177
3054795
3078815
3061547
3091531
3117297
3117811
3132532
3129206
3159807
3174147
3178927
3185367
3159950
3204142
3233403
3244849
3263679
3260862
3282658
3307230
3326600
3346092
3321879
3350266
3354859
3359678
3384316
3375240
3401820
3408768
3424809
3432833
3427837
3452424
3458657
3485795
3504379
3497893
3532040
3549902
3558332
3590249
3561767
3614245
3645109
3647792
3659560
3629239
3661646
3679527
3701984
3707836
3692962
3720535
3744559
3760323
3783614
3763353
3801781
3832053
3842580
3875221
3851722
3900643
3902576
3933982
3938370
3934298
3960923
3981717
4003004
4010719
3994126
4022002
4027600
4037194
4061922
4045896
4082134
4104018
4118115
4126044
4110499
4138525
4155868
4186770
4194558
4164828
4202856
4222705
4239531
4271828
4264976
4286271
4288705
4307848
4312276
4285924
4333231
4355572
4361575
4377149
4355301
4377786
4387255
4409237
4439840
4424150
4461515
4484517
4490860
4498857
4468626
4521137
4543451
4556653
4587084
4581294
4611879
4616585
4642958
4651060
4635811
4657742
4665060
4688624
4698181
4674330
4713167
4718277
4747597
4753744
4745828
4766883
4770250
4787463
4819266
4815755
4850320
4855972
4864691
4869913
4869150
4873271
4887862
4900837
4931834
4913091
4961981
4979512
4986085
5009311
5007369
5032644
5037639
5057343
5075229
5057681
5091817
5093323
5118170
5120321
5087759
5140298
5147159
5167600
5186317
5180996
5205086
5232548
5262293
5279893
5269128
5307129
5321745
5337238
5355561
5324180
5382314
5398593
5428980
5461608
5432576
5491196
5503199
5509772
5517092
5501304
5533961
5538076
5546635
5551839
5537852
5572043
5602733
5609196
5628490
5599419
5631498
5635476
5660827
5663437
5649810
5664004
5689073
5696238
5703058
5691062
5718827
5750414
5774852
5777056
5759658
5779281
5796839
5823294
5847284
5816333
5854925
5869035
5889499
5897891
5881308
5913229
5929883
5960136
5980775
5965018
5982029
5997291
6000262
6012526
5982791
6015121
6047237
6058340
6079579
6067971
6094724
6113550
6116328
6117800
6114731
6132693
6148011
6173958
6183108
6173785
6209945
6216724
6237793
6248087
6230861
6255466
6275013
6280143
6303206
6298901
6332247
6341170
6353377
6358799
6345692
6380891
6412498
6416277
6416762
6400089
6423533
6449803
6474937
6496944
6467474
6525189
6529313
6532947
6553580
6529362
6574933
6606989
6637973
6647205
6620328
6656386
6657212
6685465
6695116
6688943
6707284
6720981
6734901
6756678
6738247
6767276
6775742
6793946
6813339
6797028
6840880
6867606
6894654
6916148
6913272
6916543
6920172
6923701
6924178
6898942
6926362
6926767
6946253
6956531
6953690
6972737
6974000
6998825
7001648
6984354
7026824
7036948
7054139
7086623
7058090
7087670
7111765
7138243
7148418
7137472
7151437
7170039
7192451
7219607
7218104
7237408
7263482
7287464
7305846
7289265
7333310
7347959
7380194
7388247
7373298
7404532
7433154
7439777
7455438
7440475
7482568
7486293
7505702
7507172
7479847
7510151
7534910
7535891
7541610
7540987
7561516
7565008
7578926
7601776
7579549
7614852
7633380
7653730
7675634
7651114
7700157
7726766
7745810
7760156
7735826
7779965
7812419
7829320
7848761
7822801
7856120
7868204
7885447
7886858
7862372
7909924
7930421
7962778
7979721
7960213
7990199
8019272
8039148
8063768
8057047
8073279
8101552
8123135
8130930
8111988
8160088
8184985
8212099
8238711
8234302
8249190
8277394
8303124
8314846
8310296
8321062
8343482
8352357
8377480
8357398
8386335
8406655
8418953
8447862
8415651
8464217
8495219
8520353
8549020
8543408
8579420
8602522
8628124
8634122
8633438
8636522
8657307
8658944
8667009
8647053
8677624
8687303
8718488
8718899
8718387
8722987
8753011
8761615
8772375
8755484
8779070
8801220
8810422
8810556
8780104
8818515
8831975
8863172
8882228
8873431
8914186
8932908
8935414
8963345
8942486
8979428
8985334
8993124
9010850
9006094
9026194
9044546
9050979
9076114
9060604
9077039
9078833
9087498
9093373
9091145
9100140
9125155
9142093
9157165
9154162
9160397
9160975
9161063
9181880
9180819
9191127
9215131
9238500
9254322
9240577
9261907
9273484
9291315
9295006
9293240
9314028
9332967
9348318
9374662
9364523
9379878
9389902
9419209
9425529
9420422
9426857
9443843
9471090
9494871
9467972
9523232
9531451
9548146
9550541
9546837
9552255
9578560
9582158
9589497
9584764
9621874
9653327
9656039
9671116
9670874
9673578
9673594
9692162
9697317
9695017
9701255
9720083
9752445
9757418
9732717
9765661
9784814
9797715
9803687
9779191
9804342
9821184
9852295
9879745
9871599
9889896
9895847
9898757
9906368
9893020
9937945
9966002
9984860
10000658
9990730
10017592
10032373
10052232
10075580
10047911
10078799
10107576
10138527
10169148
10147046
10201739
10231413
10250536
10274848
10244900
10284171
10301542
10307106
10316120
10285814
10331287
10355344
10379038
10394515
10387861
10400942
10427129
10437905
10469591
10465005
10487675
10502259
10506008
10517543
10500341
10549697
10559197
10559920
10569044
10556949
10580938
10598901
10602154
10628534
10626143
10635944
10637827
10660970
10686722
10666893
10688835
10694119
10702905
10728813
10725877
10758478
10787463
10803054
10809304
10781354
10813444
10845636
10862547
10886085
10857403
10889141
10919704
10944418
10954600
10923260
10968959
10973617
11001967
11029600
11029210
11031689
11036113
11037462
11039490
11007218
11044496
11066193
11070243
11076278
11045913
11097538
11129231
11131099
11152531
11127658
11177723
11185119
11202001
11228549
11212070
11260929
11275773
11307365
11314291
11309864
11341998
11352979
11363003
11384899
11369254
11407859
11426207
11440937
11464407
11444827
11495404
11505690
11515520
11534632
11502678
11556769
11577830
11608814
11631587
11626341
11633670
11654638
11654685
11664287
11636574
11688429
11702249
11727688
11745131
11739883
11745926
11758508
11770446
11803156
11783123
11803420
11812185
11817674
11845592
11816545
11855240
11878564
11895268
11913068
11882660
11930014
11943877
11959393
11964374
11940645
11977263
11980654
12003471
12023740
12002838
12025612
12037452
12046691
12078257
12069710
12105433
12131096
12141450
12171501
12143050
12177797
12206158
12234954
12245901
12239442
12255009
12269912
12298702
12318589
12307625
12324452
12349630
12366630
12384736
12365979
12408371
12422592
12454175
12468342
12462876
12471669
12494890
12517056
12544472
12532290
12564118
12573157
12576152
12603718
12593483
12613776
12642936
12661594
12673410
12651992
12699868
12721139
12737817
12750637
12750340
12780522
12806179
12818742
12837885
12819884
12861808
12865835
12870706
12901208
12898280
12912613
12916572
12929730
12946950
12931691
12965878
12976969
12996091
13006312
13003133
13014459
13031514
13040764
13056914
13050726
13062487
13074353
13102169
13111653
13095353
13114553
13139370
13161078
13193804
13161848
13199361
13214966
13234736
13248888
13223870
13264508
13272177
13295387
13303099
13278929
13325430
13354782
13368591
13398758
13367635
13415657
13437154
13464218
13488094
13464233
13497014
13513909
13518783
13541397
13520064
13567287
13582917
13586053
13609850
13600020
13639567
13653633
13665102
13667499
13664179
13699037
13713009
13737246
13758322
13757435
13765486
13773186
13774852
13794313
13770183
13802930
13819772
13842390
13862362
13852533
13862573
13885046
13896650
13910443
13879885
13942544
13956890
13980795
14012335
14008463
14013965
14035999
14043004
14071728
14039546
14072384
14086611
14097557
14114897
14088870
14126152
14141697
14168245
14198560
14172702
14209818
14223655
14253689
14282294
14272636
14309483
14319435
14342528
14354087
14341109
14360068
14390829
14398331
14413546
14394136
14438129
14438701
14451584
14452697
14439362
14456124
14487380
14516970
14520031
14509471
14552634
14556608
14561284
14590015
14564432
14614454
14625367
14628134
14657949
14630469
14671219
14685789
14693009
14705348
14690420
14708059
14727286
14743150
14755138
14752104
14755693
14780905
14810966
14837553
14806324
14839026
14863771
14882018
14888063
14881031
14915971
14944119
14953231
14973139
14952494
14996631
15027181
15044910
15058038
15028139
15063328
15076197
15085025
15114901
15091437
15146491
15152137
15164777
15185952
15172324
15192293
15221174
15234717
15252997
15226038
15275084
15290064
15315364
15325472
15314552
15345931
15357512
15382514
15383575
15371643
15401478
15407239
15411618
15414835
15412835
15447315
15449930
15471896
15483320
15469986
15487382
15496656
15510351
15511973
15481561
15539026
15554562
15560551
15578978
15578904
15584254
15587732
15618394
15623785
15601231
15653217
15659439
15667801
15688262
15682936
15691107
15716337
15737215
15767742
15737525
15772421
15803954
15816577
15849180
15834066
15878094
15895772
15901197
15931294
15898646
15949741
15967182
15996916
16015312
15986612
16040175
16045548
16068110
16090678
16087957
16119036
16141078
16145563
16163228
16160281
16171053
16192901
16206759
16224574
16192276
16251783
16269277
16300797
16327259
16322524
16334554
16337505
16356387
16361966
16336505
16383300
16411596
16426991
16432791
16426062
16465120
16484659
16509242
16519393
16514271
16544720
16569584
16598466
16598814
16585106
16613542
16619203
16629491
16635170
16615589
16643841
16647243
16666449
16668955
16653141
16671112
16674782
16690633
16711734
16698014
16730859
16742493
16760205
16763157
16736668
16795838
16814333
16829563
16844267
16828786
16873180
16889118
16916720
16941690
16939551
16954594
16984661
17005825
17024803
16996177
17053024
17063638
17065059
17094873
17072123
17105157
17126883
17130564
17144066
17122588
17168357
17194721
17222421
17253636
17231420
17275027
17304460
17313784
17325607
17321764
17336068
17353026
17364676
17381296
17359608
17382873
17409121
17439272
17458636
17441943
17472259
17500034
17506283
17521727
17504629
17545590
17559727
17581557
17597704
17590213
17612454
17637728
17655153
17672680
17646392
17681822
17687907
17702152
17713299
17697371
17729749
17745206
17773878
17778260
17770576
17809499
17818598
17842473
17842603
17839531
17848368
17850907
17877793
17880161
17850566
17882306
17910911
17920402
17948433
17941555
17980955
18000693
18030610
18031295
18008479
18058063
18060768
18083693
18090813
18083435
18091348
18098091
18112074
18127209
18108710
18134601
18136421
18151681
18152243
18149906
18156196
18183231
18189503
18190932
18159389
18200432
18201131
18210574
18236829
18212873
18263221
18285426
18292448
18303182
18277993
18327766
18342414
18351070
18354205
18346464
18385582
18409165
18412114
18418785
18415345
18432806
18453043
18464641
18477301
18457923
18493322
18509717
18513937
18528049
18497333
18552878
18554272
18559164
18586990
18571339
18604757
18624279
18653828
18668847
18660938
18682103
18690836
18705959
18723239
18693865
18724298
18742872
18763271
18780314
18780125
18793283
18794525
18798329
18799806
18775696
18826866
18852547
18871647
18891175
18873564
18911935
18928160
18935561
18945127
18938400
18976973
18981174
19009444
19036744
19018852
19056312
19062479
19086718
19117419
19090774
19124364
19128942
19157265
19158104
19143045
19162511
19178551
19206563
19215018
19192767
19235967
19243976
19244108
19257293
19241886
19260399
19273078
19291521
19315351
19311733
19347258
19377375
19385759
19414940
19412945
19441118
19471300
19497367
19503941
19499162
19523330
19543642
19553693
19580769
19569465
19600531
19625015
19657032
19674996
19648466
19685779
19707917
19739825
19753240
19734158
19776611
19796377
19825528
19833680
19808977
19842773
19866693
19879215
19900781
19872965
19919507
19951162
19959518
19991994
19978525
20006921
20018125
20028738
20056676
20051800
20063057
20063340
20094337
20120396
20108320
20135806
20156943
20168280
20170601
20157391
20184249
20192554
20221664
20245113
20244145
20252510
20257372
20276081
20278027
20250416
20300838
20306733
20311130
20341892
20329777
20358320
20373318
20378602
20409837
20393199
20430761
20450640
20479796
20485398
20473693
20516357
20533906
20560949
20590520
20559882
20598257
20600336
20603867
20628154
20627951
20655098
20678687
20709878
20712965
20686295
20736879
20760204
20767183
20798610
20775736
20827149
20850659
20882723
20902569
20884308
20919320
20945494
20954052
20956670
20925133
20987109
21013195
21031812
21051842
21036637
21060992
21069302
21100399
21128970
21096809
21155207
21156888
21164075
21174633
21155220
21185956
21218524
21219458
21231835
21222173
21237665
21255318
21261401
21270542
21246608
21276483
21306445
21321309
21325691
21320444
21342057
21370566
21375830
21404601
21402345
21425407
21442401
21463020
21495476
21482586
21512746
21519044
21526198
21556166
21540299
21567776
21595432
21597488
21626315
21596852
21634817
21665430
21669004
21671890
21644457
21686347
21714075
21719558
21737072
21732993
21761014
21791535
21802265
21817864
21800641
21846530
21875424
21893517
21906701
21875164
21918681
21923900
21940564
21958610
21932012
21971490
21987072
22003139
22033755
22007131
22034459
22065312
22091773
22092748
22082703
22123361
22133559
22166240
22172669
22166030
22197274
22222637
22225548
22236270
22218007
22237917
22253136
22276545
22292041
22285006
22318578
22333164
22337432
22345396
22342858
22362569
22376652
22382886
22393804
22375437
22414200
22432803
22457392
22470888
22454387
22483548
22503390
22530311
22550777
22545964
22564933
22584015
22614427
22632736
22600337
22641123
22664511
22673316
22679839
22647694
22690967
22703440
22726932
22740032
22721459
22741581
22750623
22758342
22789556
22759551
22805229
22823300
22829808
22852992
22847125
22860279
22888478
22911915
22915928
22894605
22926588
22942825
22975152
22983604
22968469
23001343
23017471
23043107
23071045
23064043
23095054
23125040
23125382
23148789
23136316
23158789
23174815
23187294
23217687
23202460
23227241
23230034
23250131
23269990
23254117
23270557
23277152
23308011
23321862
23301094
23330219
23345902
23362050
23363860
23361439
23391289
23416822
23439461
23470333
23466160
23488717
23500963
23528807
23542355
23540874
23568118
23579238
23605332
23613260
23598227
23634132
23655342
23668099
23672066
23648414
23672828
23700111
23722679
23738802
23712757
23763882
23785698
23808054
23825039
23800868
23833042
23855632
23874756
23885843
23856923
23917396
23939289
23970664
23991751
23987955
23992701
23993847
23996246
24009766
23987992
24032760
24062331
24088224
24116908
24109709
24128426
24130678
24139148
24143317
24132841
24159954
24181669
24197899
24205797
24193860
24210362
24216971
24246036
24266014
24252323
24286618
24316041
24331115
24361856
24339193
24372479
24401248
24433066
24452795
24421393
24475774
24503861
24512899
24537129
24518959
24566530
24592347
24592713
24599273
24569020
24624949
24654911
24670830
24673539
24665332
24696339
24714119
24742533
24760818
24753799
24773683
24803699
24809312
24823227
24802904
24843776
24874719
24878748
24887407
24883969
24900516
24924465
24943714
24959380
24929792
24972605
25001386
25005235
25009502
25001607
25040422
25066158
25090674
25119612
25105025
25127753
25150689
25159618
25183863
25171290
25184223
25212496
25224859
25235047
25218078
25236907
25266774
25285811
25299827
25294802
25305862
25337073
25340799
25360013
25335949
25385813
25387554
25411638
25427742
25408187
25438042
25440924
25454279
25479478
25463134
25480875
25486963
25487284
25505120
25501194
25530028
25547302
25557007
25585714
25563297
25601817
25610066
25619717
25622441
25596164
25635066
25665710
25676469
25699134
25684089
25719670
25722511
25729101
25752942
25720830
25782592
25784304
25798693
25815259
25783080
25846532
25847988
25868165
25877634
25849032
25894515
25904104
25926666
25936231
25913934
25959281
25966314
25966402
25998759
25980921
26004188
26018881
26038268
26051193
26045665
26056328
26062346
26090522
26119038
26109471
26134069
26159992
26173451
26201539
26180742
26213119
26224198
26243142
26273467
26265874
26277311
26277311
26289614
26314262
26285049
26341412
26372932
26379505
26400861
26399348
26413009
26416913
26432343
26459707
26448150
26488000
26519406
26546869
26549025
26542465
26568426
26594268
26604436
26611884
26609177
26613231
26615276
26628295
26642326
26641244
26649317
26679655
26706347
26713222
26683095
26725213
26725763
26740311
26755708
26735080
26770767
26786479
26789054
26796844
26777452
26811031
26827599
26830241
26854227
26825308
26884223
26899566
26900895
26919773
26891026
26944465
26969866
26979363
27009344
26999205
27025268
27053716
27070457
27075039
27065018
27107058
27138923
27168659
27201209
27181504
27203337
27224913
27253861
27280619
27253774
27281453
27294646
27323128
27336851
27330597
27346845
27349893
27368687
27381492
27372146
27404288
27413657
27421562
27425641
27394664
27439277
27461169
27462029
27487879
27456679
27511523
27521266
27535457
27548277
27546415
27549304
27579451
27584005
27595861
27564732
27603320
27614207
27631042
27632972
27602587
27665475
27689892
27698884
27729318
27699417
27749009
27771191
27782491
27788837
27757119
27806786
27806983
27833889
27865280
27837584
27886800
27893431
27923748
27932814
27920853
27934903
27948013
27968404
27974159
27954004
27981379
27996683
28014346
28027070
28006085
28059753
28077673
28099165
28122126
28121523
28138683
28166072
28186976
28214755
28186005
28240616
28260852
28268829
28272968
28259327
28291643
28292307
28308348
28323359
28309888
28340157
28347252
28377043
28391124
28373468
28400956
28432007
28435972
28436751
28429102
28462620
28470793
28501470
28528468
28516251
28542268
28565086
28584558
28593681
28562637
28616980
28643302
28669272
28678449
28672181
28698669
28715683
28741931
28771752
28756633
28786404
28794465
28796276
28799142
28770375
28816982
28844342
28856842
28860842
28849144
28893299
28908038
28920127
28923109
28894455
28923457
28944304
28966461
28974620
28954184
28981379
29010251
29025368
29051215
29036309
29066022
29071012
29085603
29101294
29073287
29106355
29135931
29149972
29179552
29155438
29203601
29234785
29236396
29264114
29242349
29285591
29306162
29323163
29355382
29322901
29382306
29385345
29402235
29417656
29396623
29430705
29452914
29473122
29495965
29477141
29517476
29535785
29536951
29558862
29551184
29580990
29608533
29630639
29640460
29634154
29648994
29654467
29673089
29677788
29672708
29683949
29701937
29721457
29722738
29704989
29732084
29750177
29750313
29755322
29725730
29769478
29798985
29820193
29836480
29818841
29854821
29881283
29893899
29907589
29896448
29909685
29918324
29935361
29960737
29938687
29970423
29972407
29992217
30016546
29994947
30032842
30064939
30089814
30109231
30092118
30112602
30137934
30153118
30185186
30181665
30214605
30243915
30263823
30278258
30269070
30293928
30294939
30312617
30319135
30315548
30347873
30350501
30365012
30380384
30365463
30399339
30420082
30442668
30471687
30451151
30492570
30516535
30519445
30537346
30513159
30553998
30571879
30596040
30619254
30610026
30626757
30643364
30658168
30670188
30650016
30691710
30703619
30725713
30731790
30711695
30734022
30737989
30748233
30760604
30737950
30775111
30806419
30809074
30819554
30805263
30821244
30835165
30861634
30867074
30866269
30892807
30911984
30917397
30927485
30918738
30947944
30953192
30962781
30978632
30971410
30990217
31010069
31021547
31045902
31019872
31049978
31071737
31072261
31100683
31079970
31125574
31141193
31155373
31172588
31172040
31198128
31219351
31234877
31251361
31218872
31251377
31265880
31283336
31284709
31265402
31316882
31330724
31349687
31355433
31349194
31362837
31392013
31393467
31401960
31378094
31403534
31410221
31410262
31426029
31395731
31457227
31466212
31471463
31479567
31468302
31502553
31503420
31514537
31533928
31514305
31559217
31582391
31612812
31629589
31612191
31633876
31665403
31674316
31685481
31672027
31687444
31719369
31746483
31760565
31734834
31786380
31799631
31822149
31852462
31852434
31877372
31908742
31913174
31920017
31889886
31927653
31951789
31953473
31975012
31955090
31997703
32010955
32028900
32037255
32027441
32051453
32065500
32070611
32090997
32077434
32109514
32133775
32140418
32164256
32154802
32167132
32169700
32200341
32213392
32185493
32234212
32245328
32248700
32267008
32256092
32297720
32323403
32337977
32365116
32359414
32377000
32392579
32409949
32423042
32404903
32446508
32450440
32464796
32490384
32467362
32492465
32498181
32499653
32531427
32510162
32549925
32566819
32579761
32598837
32566865
32603294
32620091
32642019
32650661
32650092
32665557
32685815
32701934
32731610
32709498
32747730
32770649
32787103
32790799
32763233
32811266
32841369
32872603
32874314
32848447
32875910
32896784
32927487
32955395
32950939
32964613
32967892
32988574
32999107
32993763
33002756
33026203
33040944
33054837
33054281
33056570
33086648
33108015
33115201
33100896
33142854
33159127
33167559
33177031
33165837
33208896
33225893
33247227
33253072
33233085
33266663
33292267
33311914
33315422
33313803
33324432
33344101
33365055
33394994
33391572
33408922
33424820
33445689
33461804
33442852
33465733
33476398
33476940
33481038
33466639
33498121
33526502
33544973
33553654
33543492
33574479
33576222
33602044
33622084
33603023
33631074
33634727
33640707
33664938
33641764
33682687
33694611
33720986
33740839
33714971
33744237
33750546
33765347
33789447
33780078
33795111
33800560
33830579
33859994
33843750
33888359
33901017
33903167
33916499
33902202
33920291
33936427
33951588
33975026
33956203
33985681
33987338
34005507
34027267
33994942
34027934
34046006
34067337
34100100
34089178
34123934
34132384
34143536
34147960
34117393
34166622
34177827
34183016
34191688
34161887
34214390
34242662
34251598
34262852
34244841
34269937
34277780
34309442
34319354
34302130
34329591
34350164
34350854
34358159
34332832
34366523
34370262
34370655
34377821
34363845
34385453
34394736
34425716
34437270
34406141
34443908
34453942
34484222
34492238
34479811
34503076
34535129
34545823
34562905
34550271
34577422
34604528
34636737
34641870
34624995
34671193
34691208
34715311
34732533
34725421
34758595
34761546
34782971
34799649
34795273
34822623
34827241
34843460
34863424
34842223
34868758
34898750
34921598
34951609
34951046
34970941
34980694
34988168
35013781
35011487
35043470
35048377
35051598
35081361
35050985
35106865
35114784
35117417
35134975
35109358
35139114
35158357
35190981
35193358
35179927
35218620
35245997
35275407
35286818
35274559
35312925
35333416
35351725
35380404
35349198
35380797
35392202
35396465
35426185
35418765
35451108
35479019
35494848
35508516
35508388
35539945
35566146
35569445
35582792
35572110
35587692
35592753
35611430
35642951
35623857
35665668
35693675
35698790
35718433
35698352
35747387
35767533
35795797
35798414
35792120
35802506
35813393
35838005
35860853
35835507
35884836
35884897
35889383
35897769
35873201
35928757
35933202
35943107
35972048
35954801
35973821
35998562
36009444
36024622
36015524
36035361
36063113
36073973
36077276
36058376
36108027
36126319
36154613
36158467
36146839
36178663
36194906
36215082
36222709
36216288
36226855
36246020
36273163
36294022
36264080
36311154
36318841
36331940
36356536
36342889
36389027
36417341
36417523
36422343
36389743
36429679
36460867
36487980
36507963
36482654
36509339
36529054
36542051
36553557
36531092
36584341
36595908
36603991
36626394
36595087
36629046
36639385
36671462
36697190
36671519
36717479
36746170
36764170
36780471
36769005
36793155
36823850
36839238
36850020
36821629
36880753
36883390
36911525
36930399
36905493
36937746
36944554
36956133
36971059
36953055
36987942
36988888
36998503
37013823
37001073
37038445
37051809
37062784
37095062
37066271
37119688
37143136
37170804
37190073
37160964
37194313
37203256
37231591
37253032
37246689
37270811
37271553
37278746
37297187
37274387
37310790
37329830
37348641
37356359
37340265
37356997
37357114
37372858
37400827
37382838
37428362
37456808
37472388
37501657
37485786
37533968
37557930
37558502
37567496
37547402
37580540
37605086
37629750
37647835
37638519
37664768
37683477
37700916
37721937
37697681
37736582
37768369
37768874
37798427
37795979
37826601
37849308
37876535
37889542
37870439
37902684
37910277
37915011
37944972
37931415
37977344
37978978
37979183
38002892
37993958
38023896
38044638
38058854
38091526
38090840
38107127
38108042
38128612
38146322
38122342
38168324
38197965
38223174
38250116
38243425
38266186
38288228
38304316
38336348
38333616
38349415
38351554
38357915
38358685
38339539
38364086
38393751
38424049
38443169
38422209
38453769
38465665
38482944
38483509
38463692
38488556
38508838
38516739
38541607
38533502
38560352
38592514
38620113
38645455
38625875
38655266
38658219
38667090
38694802
38663813
38699553
38720092
38743340
38745829
38744627
38770814
38800156
38821874
38824187
38804780
38846093
38858758
38867945
38877475
38871681
38886836
38906547
38919586
38928197
38897109
38942021
38967967
38989821
39007108
38985321
39009193
39010192
39021825
39023892
39013305
39043646
39058290
39083737
39115431
39113440
39137386
39137844
39152362
39163658
39135555
39190237
39207799
39237926
39259332
39238862
39266360
39278294
39290234
39319597
39301149
39342526
39362416
39370365
39397682
39385963
39398423
39412565
39417436
39423933
39396124
39449958
39478930
39494803
39515240
39507544
39523990
39531053
39557549
39573684
39566612
39597612
39617440
39643976
39675341
39643164
39700007
39721904
39736605
39749559
39730369
39773858
39778435
39801649
39805917
39782057
39809246
39832439
39849658
39856730
39854830
39865325
39883223
39890954
39902314
39883901
39919074
39940820
39952119
39983840
39972072
39987762
40000467
40012962
40018439
40001046
40041821
40059290
40088908
40089040
40073826
40092559
40115100
40120748
40129751
40126520
40140860
40162714
40178466
40188705
40172279
40217290
40232934
40246538
40250462
40230085
40258974
40273331
40291417
40323790
40301658
40328499
40331623
40358651
40372474
40367277
40379421
40386609
40397063
40406277
40398677
40422868
40451987
40480455
40507194
40507055
40532464
40555775
40587236
40591445
40591045
40601204
40628117
40629334
40653876
40625015
40658715
40674014
40684786
40692884
40673454
40722837
40735616
40755250
40778093
40751290
40808816
40823689
40850366
40879929
40849004
40911570
40936749
40947583
40964135
40945157
40981207
41008537
41011427
41025159
41004626
41040350
41069632
41080161
41105169
41100993
41133708
41163666
41167422
41186007
41172403
41207442
41236563
41267025
41276063
41268774
41300660
41320013
41343298
41349534
41334651
41362218
41375789
41387494
41402273
41372331
41410578
41432515
41457421
41458732
41447549
41462834
41491598
41501572
41517258
41498524
41517609
41528807
41545123
41571401
41557919
41571405
41588996
41617037
41620299
41610359
41645745
41676306
41700829
41730825
41708780
41757766
41758396
41767021
41773996
41765544
41778053
41809958
41817479
41820815
41791428
41846424
41856324
41881378
41886596
41868108
41895687
41920885
41942316
41963935
41933113
41992165
42003150
42007224
42035663
42016667
42045236
42048031
42080538
42102829
42099913
42130563
42160453
42171434
42197727
42168206
42213418
42229836
42247432
42264132
42241667
42276244
42299215
42331959
42345026
42335086
42371986
42386325
42417656
42423040
42416833
42450647
42456091
42470568
42473498
42454501
42497700
42500487
42531269
42534768
42512539
42549414
42551950
42575499
42597561
42589502
42614049
42628852
42629089
42660253
42648881
42686541
42687526
42703830
42715254
42701651
42738696
42762903
42767044
42780165
42769113
42797865
42814888
42829050
42855191
42824947
42880867
42890286
42911111
42916421
42886259
42948546
42956669
42964720
42995024
42990149
43006711
43026463
43033910
43061719
43053545
43078225
43082051
43095590
43122711
43121350
43136539
43153983
43186505
43189761
43182080
43196634
43209729
43216621
43247853
43223200
43251621
43275095
43289302
43304044
43297440
43308378
43325442
43328713
43353919
43349965
43378450
43379577
43396591
43428867
43412920
43455269
43465530
43468349
43478674
43472595
43504867
43507774
43537580
43558398
43537860
43572980
43580105
43609724
43618840
43618194
43625569
43655311
43657069
43665741
43634233
43683785
43691507
43719310
43733462
43712484
43765157
43769983
43788744
43806913
43778270
43823399
43829938
43856752
43888284
43866780
43898681
43906660
43933605
43942042
43935283
43967919
43989915
44018317
44020029
43993734
44028688
44039978
44053005
44078700
44071957
44080066
44086484
44098107
44120824
44098060
44145459
44163738
44171045
44185209
44174511
44190754
44200279
44226462
44249086
44243745
44269303
44275983
44289250
44321776
44291304
44344631
44348333
44375938
44403304
44387348
44423682
44440271
44466658
44469683
44467807
44471289
44498148
44516255
44544800
44515042
44567275
44586485
44618749
44638090
44619285
44641809
44669552
44689871
44715909
44714407
44738518
44767933
44779523
44804087
44779001
44808009
44818232
44821170
44848597
44834779
44864454
44879497
44902948
44932353
44915803
44955347
44959225
44964166
44990376
44979440
45010962
45028603
45044376
45076149
45074814
45084544
45107924
45119728
45148415
45117948
45167019
45198079
45209061
45237289
45207632
45248612
45264778
45284200
45294502
45273328
45327004
45357704
45378653
45410372
45409416
45414931
45418981
45423659
45453835
45443376
45477006
45508226
45508694
45536677
45520170
45563633
45571394
45599437
45631932
45619714
45633951
45647132
45678204
45702476
45696933
45724585
45746211
45748665
45767948
45746290
45782345
45785963
45805539
45824503
45792413
45832032
45837412
45859567
45878479
45848442
45885402
45903921
45928776
45929056
45913241
45953466
45964390
45985829
45995522
45980110
46009105
46021659
46053116
46073521
46059415
46079788
46084425
46108641
46130388
46128679
46161762
46189776
46201091
46225898
46223290
46236354
46263818
46279931
46300535
46292862
46331279
46333109
46337763
46360078
46332968
46364377
46377252
46389781
46412943
46396400
46424306
46455840
46476956
46498383
46497340
46513379
46535173
46554753
46574672
46566898
46594907
46608770
46622304
46654626
46626872
46667470
46676340
46706197
46712955
46711893
46740389
46767271
46781544
46785610
46776697
46793480
46808000
46840182
46840543
46833379
46857482
46888478
46918793
46950761
46917995
46966471
46987592
46989384
47004423
46978571
47015244
47019620
47048429
47060378
47038286
47065240
47095232
47106778
47120189
47091045
47144122
47149419
47153027
47176719
47161835
47183807
47202364
47221940
47247881
47239561
47264561
47296917
47323549
47326178
47294308
47356822
47371763
47377830
47380184
47352566
47405586
47409717
47425341
47431017
47415859
47433807
47445806
47469240
47491438
47474837
47496028
47514687
47538068
47545293
47523199
47562061
47579607
47611024
47624008
47594887
47647437
47669407
47701040
47724095
47697894
47741850
47769277
47770830
47791918
47787733
47808092
47825535
47849562
47865970
47845587
47894902
47896144
47923147
47923818
47912604
47937478
47945814
47962661
47964241
47960475
47983288
48005002
48006225
48018570
48001893
48036247
48037272
48060583
48092923
48080977
48114657
48142151
48158404
48167335
48157512
48195192
48217969
48250606
48254359
48234413
48265371
48289837
48308531
48339056
48311133
48341508
48373175
48391960
48409216
48376817
48415897
48433921
48455140
48458898
48444747
48486156
48504359
48510248
48533960
48503308
48566389
48585970
48600515
48615225
48594277
48629630
48644741
48645371
48655413
48636685
48683667
48710978
48730192
48737978
48727326
48742112
48757559
48786174
48812573
48788238
48838309
48852314
48875118
48884640
48856652
48916618
48920180
48950024
48960459
48930733
48975057
48981541
48997803
49012925
48983300
49022864
49029400
49059049
49061720
49037121
49075229
49079122
49089915
49122541
49098382
49151643
49152200
49160742
49161236
49139413
49173007
49195195
49195987
49199260
49167640
49207930
49229789
49233001
49257984
49232431
49275974
49299505
49314509
49346156
49334502
49367771
49373791
49381410
49412066
49391059
49428194
49438048
49454241
49468752
49457247
49496266
49522664
49552078
49561838
49541184
49589616
49609588
49622948
49632293
49607139
49654649
49662282
49664124
49683251
49675413
49695337
49720288
49737644
49738140
49711828
49750016
49764694
49790964
49814032
49806721
49818548
49819452
49845854
49864912
49862777
49873259
49874699
49883419
49894543
49865972
49914222
49920330
49932290
49957409
49956988
49978103
49980451
49988864
50005346
49975659
50009691
50011778
50017840
50028799
50026371
50048693
50058664
50064149
50086578
50073355
50092057
50105752
50126325
50154168
50124154
50159474
50181409
50187044
50213441
50202565
50227146
50254109
50258670
50276254
50243684
50279733
50296694
50327401
50344551
50334331
50362888
50386172
50414796
50419452
50394899
50423837
50441116
50464352
50482918
50456166
50483178
50512250
50530505
50534307
50509456
50544107
50560421
50569156
50598068
50574534
50608388
50616586
50637966
50643495
50613705
50674459
50680779
50697279
50715181
50696206
50723086
50747415
50779148
50779903
50766874
50811071
50839949
50871106
50896191
50865309
50928166
50941324
50954175
50973218
50968679
50998540
51012089
51043993
51044249
51018800
51054428
51065025
51082466
51095256
51089226
51119306
51141816
51152678
51167463
51143208
51167610
51170589
51199258
51227095
51224593
51228817
51239536
51268175
51290516
51266498
51296945
51307914
51330826
51352817
51325216
51376409
51391403
51424160
51424436
51395682
51446826
51454346
51473753
51484360
51461456
51493467
51515945
51540497
51541498
51532563
51550992
51567503
51570086
51575405
51555572
51586556
51586937
51608716
51619059
51612510
51636521
51655658
51680497
51690977
51668521
51691947
51704881
51719446
51730644
51712144
51746692
51760490
51778288
51805115
51792126
51836623
51847692
51867186
51879071
51851165
51888215
51888255
51896790
51909522
51901742
51930469
51935202
51945962
51968362
51955878
51969935
51974010
51977219
52002254
51972074
52026429
52048179
52065804
52069640
52043364
52099118
52111949
52122933
52136730
