26296
31462
55664
79520
81119
72547
96538
118945
147673
155572
139316
177033
177087
183843
190908
166421
213347
217857
247176
248533
230444
250322
259661
271309
285420
281156
298618
316099
336071
353606
349588
363108
377188
386753
411050
406365
431075
461181
466738
482000
474724
486821
516468
522663
545507
529395
560126
566194
592764
624087
614139
652416
652805
674203
682688
682137
683524
703989
705157
719156
714914
740043
741116
750927
751255
743373
760420
760958
780768
809040
800264
817910
845313
852944
879661
876569
900903
930492
950862
977778
969841
982925
1004791
1021585
1052020
1049226
1055824
1084468
1100699
1104154
1075478
1110806
1127104
1150475
1165860
1153172
1178333
1202651
1215354
1231579
1204092
1261536
1279677
1311910
1322210
1290641
1324916
1326772
1328331
1332006
1300034
1338726
1357788
1363777
1393626
1378546
1397829
1401927
1427664
1440462
1417502
1448358
1453817
1466097
1479911
1450818
1489975
1495892
1525711
1556559
1527690
1569079
1574162
1600372
1603537
1582372
1629177
1636061
1647283
1660977
1657077
1683835
1684597
1685957
1717523
1688658
1741796
1769278
1784578
1799399
1783762
1805477
1806573
1810035
1840729
1837038
1861751
1868067
1891042
1906212
1889903
1918972
1930661
1935133
1949081
1944076
1957191
1972098
2001528
2009735
2009334
2015519
2019376
2024091
2042455
2036155
2044171
2060738
2081852
2096117
2068830
2117520
2139894
2141026
2154681
2148776
2187229
2195194
2225604
2244140
2241246
2249843
2268675
2270098
2276419
2247787
2294573
2311357
2332279
2357330
2329475
2382509
2392024
2424364
2435177
2407588
2456955
2479078
2480564
2504068
2474888
2526801
2531548
2538761
2544495
2515999
2554483
2566002
2596326
2604476
2601755
2632350
2638468
2651895
2655274
2646526
2673265
2685251
2700817
2711428
2705437
2714200
2725939
2753922
2759054
2753811
2761463
2764375
2787132
2808899
2786943
2827990
2845333
2868723
2880316
2862234
2880567
2906088
2928480
2958394
2955002
2967191
2997986
3024131
3056752
3042913
3075638
3102829
3114815
3116139
3111067
3146919
3149382
3152054
3174135
3174020
3186323
3208040
3230884
3233769
3224270
3249823
3255902
3274727
3287571
3279327
3302027
3333261
3350172
3350389
3348122
3368862
3391117
3394312
3406201
3404108
3432262
3452585
3453212
3482965
3471003
3515140
3534491
3554704
3580633
3561700
3599619
3603538
3619222
3623103
3604064
3654202
3666392
3687321
3699840
3681096
3702825
3726399
3740160
3760982
3750605
3792228
3808952
3822381
3841558
3835422
3849681
3856608
3861452
3880067
3847715
3882812
3884450
3914949
3941521
3924460
3944414
3962506
3975239
3991987
3965769
4018420
4022893
4045431
4050123
4025435
4069166
4097368
4098039
4104133
4093177
4127594
4137659
4143444
4162655
4131098
4180212
4201360
4218464
4241710
4212346
4274049
4292662
4303989
4327093
4317797
4355787
4379424
4379571
4384144
4353133
4413409
4427865
4449596
4476015
4468596
4478870
4499616
4520444
4524771
4513132
4537093
4545605
4552764
4574603
4561865
4587956
4592597
4593458
4601184
4596487
4631762
4637149
4661851
4674294
4671395
4687269
4690338
4719040
4725452
4697290
4746140
4766751
4779429
4788857
4779681
4790958
4803843
4835585
4843226
4812769
4859087
4860774
4882753
4892679
4890291
4920690
4935746
4955928
4964777
4953857
4977185
4980510
4985890
4997629
4968059
5016375
5020085
5051856
5054148
5023544
5081238
5089562
5105126
5116396
5099352
5116628
5146299
5159905
5190145
5162817
5211940
5224327
5238117
5265870
5262349
5285587
5289368
5309477
5323058
5310457
5325648
5342511
5347439
5361108
5341769
5366495
5386884
5413949
5434500
5432728
5453439
5460102
5473333
5475637
5466650
5493001
5500427
5501989
5516543
5503568
5531492
5531835
5538284
5552301
5524355
5560832
5573275
5583937
5586834
5555189
5601105
5614796
5637915
5651331
5642036
5655995
5665994
5684045
5692541
5680957
5700532
5702463
5723418
5751889
5731493
5767344
5793203
5798343
5826079
5805131
5841047
5859854
5877561
5881059
5872792
5882911
5886078
5905469
5932912
