12695
25611
39487
52123
60403
54524
91525
94286
112399
125701
94682
155011
162532
179699
203814
192888
229470
241907
249779
274331
263797
296913
319405
346764
351536
321622
355080
379508
396582
414963
396815
418249
444377
459514
472791
451463
490120
490966
514364
543743
519058
544795
576341
590371
593177
561238
598234
607462
633075
649283
628322
651992
666062
696600
715822
707175
729687
746989
763314
767736
738990
777872
800349
803230
807673
801630
811097
834640
852097
861428
846563
866158
884626
887282
918559
908652
922410
932448
955567
972118
941550
979217
980032
981304
1011735
1004486
1034194
1036929
1055598
1069123
1054426
1093243
1123409
1124375
1150690
1136948
1168577
1181035
1191375
1206313
1176427
1214934
1231248
1234182
1248853
1235401
1268481
1292599
1322687
1355120
1347690
1379449
1388328
1411016
1417755
1403391
1437669
1452150
1471080
1495943
1481519
1504229
1509201
1516446
1545436
1536572
1562081
1579655
1610891
1628064
1599759
1648927
1668448
1682342
1705519
1692402
1726851
1744361
1764167
1792165
1780304
1813537
1816366
1820903
1840947
1817198
1841703
1841965
1859533
1880352
1867580
1885632
1907602
1920397
1947652
1942138
1956974
1981148
2011776
2021168
2019070
2045654
2065510
2096342
2122361
2109685
2137888
2142841
2149398
2169805
2146529
2192384
2212187
2214714
2220743
2212744
2238828
2264158
2275609
2288089
2285970
2320824
2346352
2364969
2387180
2360186
2411550
2413591
2443610
2453202
2428675
2483495
2495480
2522907
2536996
2505711
2569710
2600094
2623706
2650668
2621084
2667122
2689647
2695468
2698156
2691466
2729306
2729854
2745250
2776467
2773572
2779620
2806669
2835722
2866337
2844590
2887988
2894784
2900484
2910117
2882038
2941354
2946137
2949749
2953918
2946153
2962273
2967861
3000021
3032038
3002487
3041940
3053355
3074824
3085890
3080509
3102703
3106939
3118354
3145217
3128018
3146378
3152100
3171749
3195730
3169245
3214587
3232208
3251834
3279755
3265333
3285013
3300268
3329547
3357559
3327722
3370618
3372158
3373189
3405532
3379408
3425997
3426102
3455021
3484742
3477508
3500945
3514019
3543406
3546836
3518307
3560700
3582252
3596973
3615790
3607830
3647848
3661942
3693195
3715698
3707394
3739451
3768650
3796999
3809515
3794975
3813912
3840072
3840429
3841189
3816904
3864426
3890015
3893749
3911495
3902867
3935429
3968003
3968730
3986374
3969542
4004030
4021793
4021880
4041222
4032100
4050548
4059859
4061197
4080031
4052123
4080464
4085918
4100634
4130354
4113393
4147630
4150595
4175965
4197355
4178451
4216291
4229295
4247254
4265243
4237522
4283756
4301786
4326407
4340384
4313626
4345148
4375474
4408124
4438226
4433613
4465283
4473911
4484864
4513950
4491786
4521189
4540290
4567358
4589032
4579063
4618496
4622878
4626279
4641897
4638733
4666775
4682844
4708394
4709798
4689442
4742537
4754907
4776297
4784661
4762245
4805168
4831538
4854107
4886062
4879562
4888928
4915993
4937242
4963481
4937824
4967540
4997796
5014298
5046819
5019284
5074448
5081857
5092025
5112854
5093348
5126000
5157259
5183779
5214133
5202549
5238859
5270063
5280230
5294047
5264045
5303765
5304547
5316207
5347167
5329348
5372960
5373678
5395532
5410376
5406306
5441298
5464953
5496729
5500047
5476649
5515006
5520816
5540400
5566836
5546708
5594745
5619863
5646718
5670652
5641127
5698213
5720508
5741438
5756878
5725989
5784660
5817273
5849997
5851548
5850345
5858967
5891474
5916601
5933000
5906566
5959965
5963237
5976388
5985343
5975243
6011917
6021742
6050662
6062612
6043211
6072262
6082621
6099547
6121298
6093667
6132480
6150124
6181980
6208118
6180815
6208580
6229477
6251813
6253939
6250916
6280558
6304967
6326928
6334176
6314484
6361168
6367319
6372003
6378674
6361006
6398030
6428462
6459086
6487419
6464175
6498437
6507447
6526906
6558111
6549230
6578243
6602494
6610129
6630838
6603365
6643913
6660535
6671136
6684839
6681398
6711997
6735403
6740582
6747564
6736810
6758222
6766664
6777729
6778454
6777581
6806137
6818555
6846701
6863959
6843139
6869482
6899196
6913354
6942060
6933358
6945024
6966724
6974161
7004772
6992208
7021101
7045343
7072679
7100901
7099327
7120168
7135111
7152235
7165605
7142512
7192807
7202102
7212079
7244391
7226549
7246138
7262319
7269339
7288955
7279317
7312024
7323754
7327941
7359928
7346869
7373241
7390501
7401294
7406000
7393174
7406190
7416071
7444262
7469091
7465504
7473251
7497586
7521583
7529089
7499168
7533115
7561101
7582114
7603450
7601308
7613832
7617194
7635412
7667211
7657912
7684659
7689363
7721105
7748243
7721542
7779369
7792089
7813647
7821860
7812053
7824308
7833447
7856109
7857016
7829257
7881745
7910811
7929399
7957858
7934340
7960310
7970091
7977121
8002971
7991573
8021855
8035639
8037659
8064750
8053741
8074213
8100643
8106243
8128714
8104627
8130454
8145479
8158315
8189768
8183069
8221449
8243125
8266765
8277965
8248988
8282335
8314913
8327183
8343092
8327483
8369078
8391746
8417966
8434613
8420031
8450123
8460202
8467941
8470869
8460595
8493408
8517345
8539871
8550261
8544995
8557817
8568424
8578945
8593487
8580491
8596065
8609192
8637408
8640968
8632583
8651249
8671993
8695630
8703596
8702216
8732426
8738313
8764198
8766934
8754869
8796501
8828696
8850084
8867594
8840099
8890423
8905064
8931707
8951629
8925050
8955921
8982293
8986196
9017698
9011091
9027919
9047278
9051078
9063608
9038199
9075556
9100343
9107213
9111904
9097955
9142766
9174353
9197325
9198436
9197153
9218199
9247635
9259866
9273022
9245048
9295906
9316367
9341734
9345565
9329642
9357624
9380919
9392229
9394276
9370565
9419873
9437753
9462671
9466987
9439157
9469183
9476005
9482053
9488860
9478189
9514294
9527783
9555454
9559633
9551883
9573626
9594166
9602097
9623926
9612658
9646295
9658881
9663009
9691289
9666403
9699830
9704616
9735469
9763125
9735671
9781119
9795787
9822734
9838632
9817559
9861836
9876993
9882006
9892291
9880664
9908695
9916532
9918168
9930482
9926831
9940366
9954451
9979951
9997824
9988878
10001220
10026405
10033384
10044298
10018086
10072376
10105035
10108182
10120944
10095033
10123368
10132163
10149746
10173537
10172537
10187744
10219526
10237221
10255104
10251170
10284703
10307412
10321575
10348077
10327154
10365964
10376101
10377291
10406156
10388531
10428885
10437076
10463252
10467608
10441864
10486317
10498083
10528858
10552975
10548965
10584704
10614489
10636463
10639003
10607783
10639819
10648256
10651054
10680778
10668374
10683901
10691410
10705941
10707517
10684387
10713233
10725430
10747744
10761217
10739495
10788930
10795082
10823798
10824063
10807804
10838932
10858599
10883154
10886385
10870837
10890773
10894709
10920629
10947530
10937375
10963493
10976007
11003581
11012142
10998496
11037610
11054198
11071032
11088155
11086264
11097989
11128504
11153317
11161104
11158768
11187188
11196818
11204577
11212465
11186094
11234219
11237374
11246523
11255116
11245249
11286899
11315032
11323329
11328280
11298057
11347369
11349799
11366198
11368311
11345229
11391451
11413860
11415794
11439936
11419950
11466928
11484149
11495960
11516414
11507907
11528787
11546430
11554599
11581570
11561169
11589467
11592624
11612777
11634274
11611711
11659958
11674389
11693419
11710404
11708345
11728697
11747807
11773396
11788203
11758651
11817604
11823287
11828621
11842579
11829881
11856182
11875808
11899973
11909239
11903611
11916016
11937812
11940798
11955057
11923513
11985387
11992859
12017895
12026897
12009187
12039630
12049215
12068322
12073648
12067260
12103537
12117891
12149543
12154483
12136969
12165553
12173975
12188168
12215682
12212146
12230831
12248983
12262665
12266011
12244723
12279821
12303017
12303263
12311089
12283773
12332240
12349738
12351627
12382239
12368590
12407465
12420586
12442320
12449948
12434069
12457948
12481956
12499304
12504559
12495396
12509753
12525905
12526989
12556902
12528019
12567564
12597861
12627147
12643723
12638759
12648542
12672385
12694990
12726907
12718359
12744167
12751264
12770424
12802126
12787156
12811251
12838658
12868736
12883034
12882844
12889016
12912575
12920540
12945783
12916588
12975848
12998330
13008034
13035464
13027440
13068153
13071678
13080990
13110552
13107199
13121921
13140130
13145622
13175763
13159624
13175975
13179507
13191181
13191439
13184905
13213507
13218159
13233050
13255753
13224252
13261354
13264565
13275908
13306159
13289825
13323876
13341857
13351801
13373209
13359787
13382357
13385200
13398982
13419734
13406598
13427472
13452094
13463146
13466426
13466301
13497751
13526922
13555525
13575034
13547639
13579345
13611040
13626397
13656315
13646094
13678803
13680403
13693777
13719271
13704224
13723874
13728155
13758713
13761532
13734712
13792027
13808447
13810499
13813071
13784478
13833931
13846760
13847689
13873430
13844165
13899183
13928741
13940114
13959777
13937751
13981960
13993625
14015512
14044918
14026046
14056432
14068132
14086103
14093813
14086172
14095132
14120969
14147849
14149200
14133106
14153045
14181523
14199497
14223387
14191864
14228174
14255222
14286406
14286518
14277119
14300629
14319861
14324634
14341506
14328878
14374119
14391632
14398587
14417830
14389858
14435199
14455660
14482515
14507163
14505779
14522954
14523364
14524521
14528850
14502033
14558770
14572462
14581912
14607077
14580248
14620452
14629736
14650112
14667556
14665294
14668052
14698393
14704739
14709571
14701607
14739102
14743832
14747285
14767635
14735948
14783436
14786104
14816801
14838086
14822969
14848439
14879957
14901456
14914362
14912064
14941214
14954212
14961105
14979794
14970743
15003852
15014809
15015117
15043418
15035414
15044328
15048764
15056514
15081620
15053341
15096687
15118741
15135978
15151665
15131472
15155749
15175850
15184846
15214350
15190745
15217396
15224008
15241151
15245500
15228081
15255531
15275447
15298749
15306069
15300225
15321227
15347082
15376342
15408114
15402873
15410456
15415638
15419810
15451061
15434396
15468571
15485226
15503745
15522154
15513610
15522957
15551461
15560278
15584195
15568497
15584715
15585201
15611500
15635984
15619439
15649471
15675301
15706744
15715516
15708998
15727738
15755385
15764057
15782616
15773581
15811451
15832529
15858953
15888919
15874895
15921138
15944196
15972494
15988230
15966569
16006806
16019353
16025871
16054200
16044059
16080446
16109674
16119158
16135065
16134000
16154238
16155830
16178319
16178723
16151015
16205773
16212522
16223210
16223678
16197364
16236096
16262975
16279433
16292508
16276145
16307929
16318017
16329140
16352909
16343304
16366377
16369694
16398431
16417318
16410750
16425667
16443109
16450237
16469591
16445380
16480364
16494886
16527141
16546730
16518020
16569544
16593692
16600674
16606788
16575005
16615937
16634300
16635245
16647390
16629220
16664533
16668219
16674445
16704803
16678782
16721464
16730263
16737272
16750238
16743290
16780752
16781041
16792557
16800914
16791847
16831511
16849150
16858081
16861398
16828796
16869667
16900190
16908009
16930538
16913547
16934680
16954258
16954547
16976685
16965241
16998869
17000046
17008825
17013387
16985782
17020740
17046139
17046761
17051402
17048665
17058308
17085287
17116213
17128830
17124848
17155919
17161879
17180266
17180856
17161986
17196570
17211256
17236435
17263766
17232819
17264835
17297154
17314922
17344683
17333059
17375611
17382317
17395289
17402729
17401362
17422527
17442317
17472581
17484599
17476265
17490185
17506428
17518515
17534678
17517747
17563231
17569401
17589956
17591354
17578444
17613131
17614081
17629067
17660415
17642121
17679971
17680785
17693520
17694076
17678275
17694337
17702522
17729279
17745362
17742412
17767962
17781373
17783448
17785310
17768033
17795452
17803414
17820432
17827231
17799417
17844782
17876197
17902124
17929366
17927128
17958035
17978831
17982791
18014033
18003549
18043987
18066616
18075262
18094835
18073428
18100322
18117547
18130935
18144309
18131156
18148725
18156210
18164954
18167953
18148168
18174166
18184645
18184648
18186117
18177636
18194545
18220288
18246348
18278625
18270453
18310949
18330357
18350043
18375170
18369080
18381789
18406661
18422903
18452072
18422230
18474536
18474717
18479661
18505324
18504395
18515978
18531126
18534231
18540336
18537625
18571979
18599634
18612643
18624665
18608561
18649270
18661254
18692858
18708276
18687023
18731766
18736087
18744136
18766193
18764601
18784391
18811096
18816296
18844887
18823341
18862521
18883625
18890814
18920487
18893073
18949866
18956147
18965236
18978977
18967172
18987012
19004803
19006937
19037526
19021794
19054416
19070567
19086409
19110104
19079626
19121606
19121702
19144045
19147514
19119425
19174252
19205479
19206999
19210922
19186712
19216314
19220814
19242830
19262549
19261399
19265656
19273859
19275138
19295760
19285185
19307197
19338394
19357820
19368771
19349778
19386903
19408076
19420975
19433093
19420112
19437033
19438219
19439232
19448965
19422296
19469276
19493055
19511314
19542601
19524010
19554658
19567402
19585277
19600147
19567873
19631379
19660053
19679584
19698389
19668413
19714060
19723901
19756145
19786362
19775772
19800273
19828293
19858297
19874965
19861499
19879683
19901761
19910042
19924659
19915806
19941072
19955916
19985525
19999022
19983803
20018723
20042541
20074776
20077619
20066738
20107341
20134447
20163889
20176602
20153233
20181367
20206256
20215484
20242697
20219327
20254289
20268592
20270663
20283566
20258538
20286432
20311269
20327436
20344880
20321211
20364681
20396960
20400752
20412074
20380352
20416427
20420902
20432227
20445820
20427884
20457007
20465104
20484055
20490765
20468823
20494985
20496014
20511065
20522209
20489803
20532525
20551588
20563430
20590932
20565349
20618917
20631122
20657616
20670941
20646293
20678124
20679340
20687095
20695226
20689525
20716331
20736172
20761136
20767810
20749869
20794102
20820168
20826495
20840250
20829429
20865809
20883157
20901463
20915134
20909687
20946411
20977735
21008413
21017951
21014975
21029233
21041976
21043636
21061578
21045057
21065188
21095039
21095464
21115499
21104020
21124939
21132784
21162520
21175280
21148134
21186001
21201496
21212699
21233042
21226050
21245674
21272102
21300659
21325958
21324482
21326558
21328950
21343111
21374062
21352474
21380578
21404140
21426112
21458247
21426969
21478767
21492296
21505501
21525699
21518380
21550792
21558446
21574502
21587837
21584533
21609939
21626926
21633470
21643096
21617962
21645472
21662021
21664836
21679000
21664121
21702691
21730923
21739561
21744240
21739860
21748269
21755737
21766190
21781077
21766555
21811564
21834268
21849895
21855775
21836091
21861393
21867669
21891491
21906433
21893488
21916357
21935869
21955424
21977502
21959640
21980404
21983441
21995102
22018109
21989637
22031666
22036873
22061087
22067255
22038964
22083476
22114633
22116785
22122361
22111820
22139929
22146280
22175559
22193553
22177195
22221567
22247792
22265335
22274829
22254246
22303286
22326250
22329022
22334558
22332151
22360538
22364421
22392009
22412162
22384884
22443943
22459954
22484153
22493108
22486299
22496752
22523261
22536540
22546593
22521905
22572591
22590067
22597775
22609575
22583136
22641130
22661579
22690956
22719791
22709187
22749988
22766651
22786408
22794961
22780515
22795129
22821443
22822432
22845576
22831005
22875440
22876098
22876258
22879715
22873969
22903991
22921974
22942384
22954614
22944606
22959721
22978500
22984620
23015310
22987338
23024685
23053797
23071178
23081456
23075957
23097809
23124284
23141382
23151660
23149272
23154467
23173853
23196598
23205291
23198850
23209424
23232164
23259703
23279130
23277987
23288507
23297497
23302787
23309744
23289364
23313348
23339027
23371259
23381678
23374449
23387260
23411004
23418279
23439167
23439049
23457561
23488316
23491537
23521563
23503326
23550904
23582780
23593956
23603397
23595787
23627027
23651899
23659332
23668937
23651174
23681424
23708259
23708374
23720393
23694468
23742679
23772609
23800610
23819757
23793314
23825900
23843809
23861170
23868137
23857509
23895482
23905017
23934241
23963235
23933757
23970869
23988010
23988397
23997524
23986066
24024159
24024883
24031857
24059411
24030294
24087323
24101657
24113824
24135036
24114172
24153558
24171330
24186570
24193396
24169696
24213321
24219022
24244822
24264398
24232731
24287776
24309267
24327004
24341988
24330158
24344899
24374591
24407306
24438437
24427717
24446537
24465879
24497974
24526563
24508085
24533825
24534570
24563599
24571101
24547954
24582294
24614117
24639134
24671367
24667716
24675437
24679170
24709047
24714421
24710176
24733666
24736542
24757974
24764053
24760747
24787758
24805978
24807260
24836827
24833246
24849841
24863342
24877009
24899877
24895519
24932596
24945016
24956061
24974801
24948015
25004299
25026757
25035096
25041601
25020744
25052739
25059115
25065168
25088284
25065065
25100985
25121703
25138469
25143640
25127495
25169480
25173986
25189275
25208782
25188122
25223653
25227541
25242468
25266821
25246905
25282017
25286921
25287627
25289077
25279926
25305787
25337732
25361197
25386219
25377370
25416255
25437250
25453378
25463905
25437041
25478914
25490969
25523300
25527231
25522413
25530401
25553960
25562039
25580282
25573065
25584493
25589864
25619604
25627327
25602833
25650387
25680538
25707911
25722226
25690470
25746040
25772140
25799732
25819157
25811856
25837266
25863598
25867848
25868294
25836252
25872533
25884515
25904607
25918215
25897432
25945196
25946878
25962637
25990605
25982507
26008473
26030563
26041590
26052952
26040114
26063631
26093993
26113095
26137219
26107187
26167805
26176820
26189110
26198722
26178912
26225333
26233450
26260330
26286597
26278467
26311958
26344416
26353857
26355976
26333251
26373431
26390953
26403388
26421856
26404061
26436548
26449144
26467861
26489950
26459427
26499532
26526265
26556117
26578320
26559432
26601891
26633585
26637164
26662711
26639155
26689925
26718272
26740550
26770023
26753944
26794334
26797235
26820889
26833343
26817026
26835490
26851974
26870266
26884149
26856903
26910502
26916140
26918984
26924178
26911604
26931467
26936608
26953673
26982194
26976656
27005676
27031429
27058105
27071334
27039695
27095220
27104042
27108141
27131817
27126919
27150426
27171532
27192292
27220926
27206554
27242310
27258383
27272250
27276411
27260476
27295022
27315627
27337740
27367660
27355100
27399642
27400081
27415730
27441528
27410142
27442426
27473034
27498953
27506147
27498076
27532312
27533453
27558871
27569302
27551267
27579362
27582001
27612286
27629230
27628681
27636871
27646265
27678063
27679007
27675769
27709539
27724859
27749948
27770500
27742375
27802204
27834435
27839338
27864634
27839922
27868851
27899516
27917213
27940045
27917788
27965982
27983123
28011971
28024449
27992379
28055240
28059694
28085250
28093080
28062907
28109546
28141105
28147724
28161158
28156174
28190878
28222330
28240848
28267350
28256007
28270253
28297080
28303407
28321912
28292474
28330185
28347328
28347924
28354259
28339751
28374043
28380308
28390876
28405056
28387548
28424665
28450980
28483354
28501950
28491010
28511676
28537605
28542501
28544970
28537699
28569005
28591045
28622191
28647749
28616424
28679640
28685210
28707533
28733793
28730396
28761153
28772538
28783324
28796818
28769811
28825493
28843554
28858563
28864065
28846394
28865534
28891800
28918471
28922407
28919155
28928539
28934854
28962134
28963791
28958445
28979767
28984380
29015953
29037677
29037152
29045512
29055818
29074831
29095443
29079728
29122740
29151230
29168719
29186034
29180871
29192703
29207330
29224767
29239913
29216358
29255698
29258150
29281423
29310249
29287810
29317046
29339679
29372223
29392264
29381429
29408477
29421757
29450100
29457073
29437817
29486911
29519400
29549659
29553993
29540708
29575174
29606773
29630414
29640796
29626645
29653213
29658930
29686390
29696734
29692744
29714891
29731329
29732515
29747868
29745869
29751880
29764978
29789516
29821001
29800027
29849736
29855703
29862301
29891583
29878340
29894807
29923468
29951616
29977704
29967041
29983664
29996138
30018302
30019038
30017211
30049462
30060318
30084667
30087873
30074399
30100790
30101035
30133352
30152297
30127193
30157735
30158077
30159381
30181621
30154277
30210765
30225140
30235177
30257589
30240259
30283876
30311167
30339484
30368142
30348215
30380606
30408252
30425203
30444673
30421583
30475709
30482470
30510104
30512244
30500086
30542619
30548363
30554110
30585536
30562623
30597869
30618761
30635762
30660442
30650677
30685770
30717248
30725026
30736693
30728547
30737992
30741835
30756955
30770395
30738182
30784115
30814065
30837850
30863514
30847989
30873025
30881152
30895502
30906144
30878078
30922476
30952600
30983481
31001136
30978727
31006134
31019737
31051867
31073096
31047364
31098164
31121745
31136980
31137960
31120036
31138465
31141216
31152971
31182058
31170333
31212412
31223362
31227281
31233476
31205768
31245114
31266995
31295489
31307107
31287432
31318377
31332122
31349370
31380522
31357392
31382694
31398278
31403853
31424727
31420431
31451779
31456025
31482338
31491624
31489384
31503131
31507775
31530593
31537925
31516393
31539317
31543715
31566747
31573397
31561237
31589841
31615521
31637704
31670371
31641240
31690150
31721171
31753215
31774182
31771687
31804791
31806771
31822461
31843356
31843340
31864634
31872001
31879553
31899945
31870272
31904018
31918050
31939004
31943144
31932177
31946767
31974846
31976986
31996308
31976889
32005517
32016926
32035840
32056015
32030708
32076993
32079015
32082482
32095421
32071759
32104648
32108122
32116145
32120415
32098999
32146254
32147508
32164475
32174786
32143536
32182659
32195510
32212995
32243165
32242636
32255839
32272957
32280112
32305883
32282254
32328150
32360248
32382081
32382317
32356224
32397003
32415717
32417613
32426036
32409554
32434866
32462821
32487884
32507724
32502338
32518243
32538688
32541240
32544011
32541086
32547610
32551459
32579852
32608155
32576735
32623010
32623299
32642643
32659282
32657572
32665194
32667028
32683915
32709441
32681165
32712248
32718685
32732420
32762225
32729741
32778630
32810357
32820226
32834278
32828837
32853784
32882635
32893100
32912094
32905981
32923452
32955956
32987932
33016618
33007106
33023247
33023371
33038602
33056667
33050591
33063071
33067936
33090206
33103225
33091266
33117559
33143161
33146517
33161959
33139093
33179330
33194513
33226443
33233190
33212646
33242637
33249775
33253950
33269912
33266853
33298311
33309018
33323370
33344186
33313568
33357699
33364490
33383207
33397245
33366932
33429478
33442646
33447433
33449884
33422646
33461475
33482854
33513417
33537602
33525888
33569405
33585284
33587953
33613440
33612900
33628237
33654124
33655825
33665955
33656611
33698216
33727453
33759801
33767726
33755327
33774603
33796344
33827289
33834470
33820870
33839352
33850341
33852055
33860266
33841364
33874359
33877262
33903974
33935369
33910012
33950316
33980860
34003813
34004178
34000296
34021215
34025186
34040656
34064899
34060925
34080795
34086792
34095942
34104021
34084373
34110789
34130250
34152786
34169083
34145532
34196414
34211474
34219274
34243135
34213324
34260300
34272127
34299797
34326383
34295162
34326989
34327024
34329143
34351719
34341123
34369427
34372781
34391006
34421783
34403249
34449050
34471309
34485963
34517640
34511612
34549361
34566358
34567233
34597275
34570340
34611248
34611706
34626985
34650315
34620027
34672177
34675941
34701994
34702909
34670822
34711603
34718777
34742582
34748676
34745430
34757581
34762753
34774766
34787891
34786767
34796984
34815380
34842539
34865149
34847027
34891798
34905486
34910393
34933834
34932539
34953022
34957841
34961035
34965622
34951323
34980712
35000137
35008244
35028978
35015245
35053999
35071270
35091673
35103053
35098757
35117186
35133601
35137060
35142917
35116205
35152313
35164869
35168115
35194987
35165555
35224439
35251196
35281700
35301548
35296111
35311929
35315645
35323674
35355743
35329087
35370088
35401911
35410916
35436632
35433518
35463983
35481411
35494846
35501789
35470276
35513346
35527689
35539850
35560108
35547110
35560670
35568626
35599456
35609714
35592565
35617366
35637507
35664781
35694532
35676209
35703690
35725713
35745586
35766819
35735814
35780375
35797862
35807027
35813701
35813516
35820182
35832225
35848555
35850213
35834962
35876060
35884813
35902223
35902481
35896888
35909200
35913546
35945018
35946244
35931529
35972963
36000029
36007394
36038816
36012653
36043848
36075593
36104323
36124149
36123361
36142963
36147757
36158580
36187203
36184933
36192878
36218606
36241070
36265765
36239305
36287845
36290611
36292057
36306139
36291048
36317916
36335170
36348993
36351688
36320485
36371945
36398285
36403623
36418004
36393486
36428424
36457462
36475029
36490160
36465861
36496148
36501572
36513177
36536407
36523695
36539838
36547748
36574793
36575666
36567209
36591176
36602719
36631595
36634143
36608074
36642227
36674964
36680415
36702254
36674885
36728324
36747735
36762009
36791625
36761823
36822758
36832242
36848136
36879789
36857031
36891958
36896023
36925661
36951320
36919165
36980937
36981831
36986920
36995506
36995117
37009421
37012096
37021199
37025425
36994826
37055326
37084553
37098361
37107755
37099266
37119208
37132910
37152699
37157187
37125359
37175338
37204515
37207927
37236281
37214669
37258872
37289147
37291181
37297105
37279056
37322831
37354954
37368291
37383699
37363728
37404295
37420380
37451676
37467363
37452632
37485064
37513697
37537025
37544018
37525557
37568418
37588869
37617245
37635257
37614948
37651586
37675778
37691028
37698306
37672042
37699088
37713743
37729779
37735538
37705076
37767471
37773482
37781227
37794566
37784710
37818158
37841348
37869840
37900205
37871534
37930619
37956908
37969845
37987040
37978665
38009038
38015217
38017682
38030931
38029708
38031432
38055583
38063615
38072813
38064438
38082717
38085967
38113639
38141820
38122817
38143710
38156852
38172391
38177157
38165433
38204968
38207381
38225762
38237123
38219274
38266278
38289958
38292083
38314397
38284648
38330496
38362584
38369411
38392974
38384383
38422424
38429515
38429732
38450397
38430666
38456098
38470787
38497324
38504214
38473485
38514575
38545917
38573232
38603858
38585668
38605859
38623113
38636997
38657326
38639015
38659932
38667968
38696049
38706460
38684173
38737977
38760938
38766165
38798113
38771953
38813949
38832638
38851078
38860489
38856507
38885294
38900057
38900870
38916379
38893275
38932898
38947499
38968475
38981439
38967555
38982088
39014814
39042201
39051249
39025635
39059180
39061162
39064941
39084386
39077460
39109322
39132965
39134680
39160926
39138101
39193401
39208029
39231483
39249369
39249112
39271161
39283095
39294680
39305416
39289976
39327269
39334786
39351381
39352724
39350672
39367642
39380893
39386705
39402853
39381343
39412560
39415952
39437115
39443477
39433004
39451432
39459371
39473610
39483202
39453999
39504253
39505924
39520080
39526272
39508006
39526800
39526862
39536575
39541328
39526937
39555321
39561292
39570188
39599860
39570400
39630280
39637508
39653054
39653327
39621892
39674015
39706488
39720668
39723990
39693013
39752473
39759489
39788263
39793021
39792965
39814444
39845523
39847659
39878870
39867117
39881937
39883752
39886694
39902061
39880462
39911258
39937927
39957543
39985672
39971393
40003282
40020325
40047957
40053109
40034316
40057187
40088280
40118248
40137540
40114998
40138154
40159792
40185234
40217242
40210179
40217963
40231302
40238542
40245922
40235580
40275809
40291801
40300295
40305636
40300500
40321672
40346650
40379222
40381155
40369736
40388739
40395771
40402660
40414588
40412867
40425141
40446576
40456337
40481259
40456717
40496994
40504210
40524859
40548348
40535647
40562829
40562907
40591767
40620487
40601916
40628811
40630327
40637601
40643939
40617203
40668183
40697285
40707105
40711890
40681933
40729488
40756979
40759083
40777736
40768218
40796786
40808396
40827098
40840179
40816255
40841494
40856151
40888169
40899450
40891532
40914100
40945425
40948699
40949261
40928431
40979309
40993068
40996299
41006653
40975337
41023180
41053494
41071579
41079323
41069731
41108224
41110737
41123577
41152697
41147751
41164727
41178680
41194379
41196932
41191516
41205869
41215002
41230226
41237716
41215679
41255118
41277737
41297059
41313966
41310770
41316250
41319769
41330154
41351960
41340364
41371288
41403005
41406500
41432039
41423152
41446293
41446869
41465642
41495889
41477918
41527754
41538144
41550657
41568524
41551475
41571275
41596632
41613676
41628673
41604353
41635816
41650256
41663619
41674907
41665427
41703848
41711639
41711675
41712418
41707638
41723712
41728500
41752723
41782040
41770823
41801788
41817391
41850127
41856011
41844449
41865882
41889249
41896505
41910244
41900628
41938390
41949019
41974062
41989493
41983986
42003817
42023885
42038535
42052859
42028023
42056265
42059445
42080898
42113005
42090604
42113484
42138214
42159678
42164029
42162663
42169049
42175920
42197221
42218564
42194821
42239544
42268611
42283860
42296096
42282237
42307418
42329965
42358093
42379948
42378575
42404106
42404903
42406329
42434053
42406082
42437284
42454361
42467454
42499245
42492412
42513637
42514320
42534718
42560127
42528987
42576595
42582529
42613395
42625298
42618485
42631448
42654025
42667705
42679898
42677412
42706052
42706727
42707217
42709121
42698758
42724848
42737015
42752079
42774296
42749410
42782326
42791551
42796241
42822238
42815898
42831158
42854233
42866934
42897985
42888421
42901964
42926229
42958192
42966302
42958415
42970032
42989493
43002018
43010241
42987786
43027796
43034329
43035554
43039298
43026910
43065587
43074976
43102876
43127059
43096532
43143428
43167150
43188211
43203975
43185297
43231068
43263152
43288479
43291177
43282885
43305266
43317540
43349891
43372564
43346262
43396722
43423277
43437316
43442456
43428090
43444106
43469468
43490342
43500461
43470235
43515535
43529182
43536572
43539993
43539145
43561582
43589512
43610500
43634488
43604881
43638052
43659669
43660651
43686247
43665002
43688373
43692296
43707540
43711755
43683943
43732301
43757423
43775541
43781876
43751388
43790951
43806215
43806487
43812064
43796786
43821346
43823501
43838909
43843601
43825940
43856260
43869493
43875455
43886193
43885087
43893902
43924155
43947989
43979906
43948205
43984999
44000752
44005830
44029689
44027004
44053228
44068400
44085589
44091526
44091415
44114887
44144354
44156331
44172070
44161347
44189002
44200304
44213680
44241901
44234906
44261640
44289824
44290806
44308574
44279520
44337068
44349959
44361139
44381745
44355340
44393409
44405214
44411412
44419887
44399011
44435450
44446589
44453611
44482065
44465039
44511268
44537604
44553135
44562008
44533657
44575247
44591329
44611403
44615526
44603229
44631383
44644971
44673462
44680428
44673404
44685481
44714433
44727415
44734453
44707786
44766520
44790093
44820561
44823366
44806958
44835713
44854616
44868157
44878980
44859539
44891574
44921175
44930119
44932584
44920709
44953458
44961647
44963788
44972432
44958891
44978756
44988007
45017172
45032077
45030401
45049325
45062421
45065996
45092684
45085082
45118066
45120466
45151989
45176551
45173239
45182347
45190206
45211056
45237967
45229704
45243711
45267906
45287954
45291995
45284332
45303318
45304809
45312879
45313689
45307172
45336380
45337367
45352497
45373257
45346478
45385427
45394779
45415672
45426398
45412222
45454334
45457865
45462145
45468566
45448911
45471323
45489558
45516553
45519415
45511408
45552132
45563838
45564773
45579154
45564970
45604822
45611790
45629763
45661604
45661503
45685394
45699991
45703405
45727362
45714958
45738482
45764180
45792293
45816585
45807124
45817243
45827289
45850294
45855550
45851553
45885518
45916452
45943226
45951881
45939679
45960251
45986942
46003909
46028491
46026039
46041281
46041635
46062715
46068591
46067800
46080742
46096084
46126279
46137822
46134297
46168633
46198820
46222293
46225278
46216618
46245577
46249785
46275406
46277672
46258054
46308250
46320343
46340593
46343146
46312063
46358653
46369294
46385268
46397280
46378602
46400851
46418225
46424599
46450493
46430191
46471304
46488306
46496622
46524760
46517882
46536970
46556386
46564183
46583806
46567833
46610648
46630196
46635159
46658478
46651993
46665514
46675647
46687950
46696910
46685396
46700710
46713332
46736739
46747858
46745951
46758559
46762721
46787882
46808920
46797139
46825205
46850915
46870983
46877051
46863523
46878621
46885879
46914262
46938189
46926371
46952988
46978607
47005835
47022780
47003112
47039149
47043560
47056468
47060786
47033160
47061377
47088123
47094805
47125595
47099408
47133161
47158505
47175764
47206632
47183129
47229203
47239023
47243548
47255579
47233459
47274651
47288461
47306984
47327221
47323984
47359103
47365698
47367374
47371794
47346555
47383085
47391604
47419770
47444009
47430456
47473359
47476567
47495143
47507271
47490272
47518114
47545009
47576805
47608603
47601867
47626605
47646395
47678521
47689515
47689452
47714166
47744244
47766343
47787131
47767579
47790106
47798054
47799839
47826343
47809954
47842342
47844377
47846139
47861087
47858944
47875577
47883341
47914850
47924949
47903144
47925834
47934643
47940681
47945709
47923267
47962666
47962925
47971603
47995554
47967444
48018289
48039853
48055621
48087316
48059997
48093465
48125713
48137674
48149990
48117562
48162727
48176906
48183126
48213038
48204001
48230912
48240643
48271845
48304067
48296817
48305653
48333185
48348162
48370887
48369865
48385719
48407279
48433963
48466231
48460161
48468110
48490834
48507470
48538840
48530601
48570971
48598414
48631131
48638533
48632130
48654371
48656814
48666724
48667185
48634622
48677343
48687109
48717119
48738105
48729544
48768525
48771731
48781536
48794615
48762283
48796701
48806841
48828309
48839098
48813151
48858542
48864730
48871243
48900435
48873683
48901478
48931518
48952703
48981199
48956122
48996814
49008882
49023819
49052874
49050651
49083702
49085683
49086416
49088515
49056192
49091408
49112445
49128958
49146838
49132170
49160970
49180583
49202905
49214799
49182719
49224458
49254350
49277199
49307837
49293849
49336830
49355361
49365022
49380984
49374919
49398028
49429743
49447662
49470643
49467678
49479969
49491732
49506171
49537516
49517855
49543209
49550015
49567682
49588930
49579158
49590579
49599979
49626424
49656949
49628132
49671436
49701697
49711745
49717277
49698719
49745603
49767546
49772177
49792063
49777613
49796286
49807674
49833411
49861827
49832209
49863248
49866219
49879597
49879800
49870865
49901264
49913526
49942465
49944475
49918327
49948268
49950088
49970688
49971225
49965392
49980430
49981178
50004222
50013039
50004082
50015869
50044589
50051112
50067867
50062695
50090755
50105372
50110761
50124403
50122172
50140967
50162950
50171947
50174109
50151868
50206748
50230576
50248104
50263097
50259666
50265073
50283946
50289201
50311371
50284213
50319296
50351312
50370907
50387526
50380672
50390068
50398574
50422189
50445454
50414585
50451758
50466923
50483460
50502046
50499665
50508768
50514565
50537709
50558269
50548233
50575711
50601876
50617323
50637824
50625316
50662196
50675531
50700067
50716140
50710240
50723290
50747213
50779171
50792877
50776806
50817762
50848200
50870874
50886809
50865215
50905009
50933773
50953747
50973936
50954407
50985165
51001172
51003105
51013820
51011386
51020679
51023338
51053214
51077826
51053864
51088341
51101022
51130775
51131259
51108250
51133399
51161374
51190654
51221556
51200753
51237843
51245126
51252921
51277093
51252958
51287928
51288573
51298651
51317395
51307047
51324237
51338958
51358359
51365018
51337032
51369595
51402215
51418880
51437658
51420203
51463922
51471492
51494329
51499202
51485884
51525720
51542996
51566926
51571566
51569206
51591542
51593019
51625458
51648839
51634683
51662501
51666329
51677016
51691840
51683078
51704017
51721068
51749352
51764016
51750376
51769400
51802098
51823154
51844030
51835068
51869822
51890457
51906705
51925782
51920242
51947768
51963389
51974130
52002370
51975446
52011713
52020862
52034062
52048369
52033463
52066088
52094353
52115799
52116440
52111116
52120965
52125625
52138888
52141796
52134168
52170635
52177101
52192684
52206745
52197914
52237797
52267570
52292463
52303728
52282052
52321836
52344243
52356178
52360686
52335654
52372980
52392045
52418489
52424945
52407674
52439574
52447142
52477829
52480502
52479051
52510411
52532874
52558723
52560215
52541181
52577996
52578078
52608963
52628576
52615567
52648818
52677016
52698539
52714095
52695796
52737751
52751090
52753265
52776824
52775347
52783021
52814726
52839883
52845109
52828358
52866854
52890378
52894237
52908606
52882729
52930635
52933473
52951355
52980766
52959527
52997057
53016411
53018377
53047486
53023348
53065984
53077284
53095798
53117491
53108459
53140064
53149311
53172823
53176838
53170160
53186130
53216816
53223783
53238357
53213087
53258331
53274156
53296220
53304156
53274662
53336241
53357396
53365561
53371719
53340624
53403078
53419154
53433018
53462706
53447137
53483599
53492461
53502982
53532198
53505874
53542899
53546056
53576345
53578349
53572116
53594044
53600644
53630721
53652595
53633897
53664323
53669187
53698456
53701360
53689011
53730786
53752055
53769612
53792732
53777724
53814391
53828619
53834469
53854856
53849757
53880418
53889542
53890490
53905508
53893210
53930611
53943604
53973521
53979826
53972922
53981682
54011366
54025417
54040231
54017508
54049198
54062532
54079755
54102487
54073720
54134468
54137123
54137606
54158142
54139383
54185249
54217224
54240973
54260455
54259370
54289289
54303486
54311591
54331800
54303225
54335757
54352651
54380610
54411394
54382348
54425110
54432767
54447882
54465466
54458726
54482010
54488991
54495430
54516616
54502765
54524234
54535287
54537712
54545872
54531029
54562296
54573261
54590450
54607187
54590654
54617154
54622002
54642723
54655856
54651810
54665454
54665719
54697982
54724569
54718199
54742867
54746738
54760200
54771190
54754840
54792844
54803476
54805610
54825622
54816317
54858254
54864161
54884522
54915696
54896270
54932086
54951895
54963267
54991080
54959370
55017375
55018417
55041965
55052008
55026479
55071971
55072146
55097253
55107389
55085012
55127496
55159838
55189684
55218708
55199493
55235553
55249474
55274478
55293526
55260942
55311605
55337499
55368379
55387571
55363049
55397605
55398391
55418385
55431247
55410115
55461488
55493701
55514069
55522074
55513073
55536768
55561378
55561898
55570784
55565798
55593044
55617782
55635946
55655109
55649032
55683718
55688429
55702332
55719543
55711867
55721299
55731473
55739096
55751404
55726668
55754110
55771562
55800868
55805459
55788720
55814348
55823581
55828364
55830112
55804875
55862420
55885043
55906987
55923710
55891459
55926344
55933634
55935368
55956546
55938626
55972861
55976212
55981791
55983845
55971497
55987705
55999879
56003156
56009299
55996808
56012800
56028641
56053898
56084194
56080445
56116805
56126320
56133739
56151789
56122676
56162190
56164860
56165093
56196713
56189423
56214750
56224058
56236300
56249574
56236592
56272800
56298550
56311410
56341309
56332344
56344722
56355822
56373892
56386284
56374475
56417600
56426004
56440973
56472408
56459091
56502093
56510984
56541277
56547605
56522217
56552572
56562466
56581159
56594921
56563325
56607338
56624223
56653582
56656578
56627978
56682277
56705424
56711993
56736470
56733486
56749528
56752336
56778890
56809473
56802714
56821397
56846167
56849500
56870758
56860775
56896813
56909978
56926022
56944907
56927071
56965215
56996817
57003034
57013496
57004848
57035825
57049588
57065779
57069473
57066103
57101867
57104526
57107819
57108217
57098858
57114360
57133117
57161760
57191754
57175212
57206174
57222349
57233639
57249661
57240867
57278481
57309144
57321747
57348798
57325209
57353607
57378265
57382430
57394710
57388904
57416159
57432721
57458701
57486341
57481312
57510453
57518914
57550504
57559779
57535187
57572009
57573150
57577921
57609757
57603718
57625410
57634988
57661032
57689087
57681151
57690502
57698848
57725115
57726484
57696900
57739673
57761696
57761906
57785760
57771725
57789572
57790629
57816948
57818879
57795532
57838866
57854636
57863214
57895343
57881823
57913175
57938970
57967830
57981752
57950919
58000748
58023857
58053154
58055078
58035759
58080236
58109244
58115256
58115783
58089601
58139397
58149428
58166264
58181107
58178318
58211611
58224483
58251714
58254313
58252945
58265603
58279689
58279715
58308651
58284928
58322393
58326826
58350140
58380284
58358756
58391386
58397099
58424770
58436056
58413380
58451502
58453883
58477921
58478195
58446871
58499954
58525744
58541357
58552235
58545787
58558803
58565983
58569351
58570865
58548193
58572475
58586503
58600879
58632522
58625843
58634016
58644244
58652623
58663743
58650206
58680588
58708621
58727166
58751017
58738910
58768731
58795123
58827193
58832063
58822563
58840331
58862876
58878159
58885113
58877915
58901472
58906224
58908967
58913909
58905183
58932600
58945816
58948393
58974652
58972223
58986841
58997098
59027798
59039995
59017002
59060913
59062830
59082209
59103872
59077596
59128935
59158912
59167552
59186373
59159815
59198766
59198912
59204296
59236682
59208919
59238397
59247142
59250679
59273892
59263957
59291224
59314994
59324939
59331521
59308221
59357142
59378103
59402089
59412858
59386440
59426176
59442583
59444289
59471760
59444567
59481259
59502505
59526422
59539423
59538935
59563840
59595877
59627940
59643540
59637063
59668011
59680690
59707443
59718618
59710774
59747882
59750851
59780615
59782756
59758512
59810655
59840011
59865285
59871201
59865951
59876351
59882383
59884781
59915171
59914959
59938912
59957385
59989798
60009901
59998472
60038992
60066084
60081498
60090429
60063469
60101402
60124734
60129142
60156076
60138225
60174796
60199571
60211410
60234638
60210054
60239635
60257009
60278408
60310808
60279597
60323853
60350147
60370179
60399089
60392954
60424902
60435842
60451250
60476924
60475696
60480580
60501180
60521387
60530004
60519881
60538804
60553240
60561178
60593069
60573280
60594550
60621056
60637210
60647102
60632955
60661919
60675751
60680162
60695936
60681679
60720569
60730055
60751357
60778739
60765300
60811303
60834878
60848603
60857542
60837557
60861993
60886394
60901570
60929678
60897946
60943392
60950793
60961292
60961871
60932680
60966900
60996018
60999482
61022799
61021232
61032689
61035284
61056452
61062927
61048487
61081162
61099451
61111016
61128309
61097168
61143646
61149506
61178764
61204883
61182301
61220219
61235265
61265534
61280337
61251009
61300188
61316055
61346188
61365603
61347117
61378583
61378730
61389577
61389692
61382849
61418753
61437879
61469408
61500041
61478841
61508450
61534036
61562706
61592658
61580636
61599008
61630763
61661539
61676249
61668545
61699304
61732015
61763818
61767587
61764099
61784990
61802692
61826399
61854635
61824369
61860744
61890793
61893226
61904312
61888237
61912333
61935799
61952184
61980192
61971327
61989563
62017189
62039647
62044450
62021107
62074792
62100164
62119679
62120750
62103715
62142316
62173682
62202472
62211552
62203763
62226480
62236291
62248948
62263304
62252066
62294583
62298497
62304772
62307310
62300542
62329552
62346688
62352906
62357671
62349557
62358370
62390996
62393494
62414907
62399300
62441468
62457874
62475836
62507361
62480423
62511420
62528196
62533126
62542211
62512125
62574582
62578939
62583536
62608912
62594100
62626418
62655172
62680496
62704317
62697835
62721527
62741313
62768949
62776331
62753488
62781926
62793637
62814942
62837475
62807805
62854797
62872099
62882809
62909939
62901214
62933646
62958019
62986904
62995058
62989286
63017813
63036634
63040695
63071042
63051059
63086095
63092468
63114762
63115475
63099657
63131773
63138382
63155463
63179485
63157166
63189347
63219060
63239457
63258738
63235336
63280946
63281921
63313057
63334211
63316826
63348584
63351767
63360220
63360623
63340937
63363734
63392954
63425372
63450136
63443255
63459743
63462565
63493320
63496955
63476161
63521581
63534911
63558280
63578129
63574594
63601647
63604007
63615790
63623648
63607685
63631216
63650629
63653201
63665045
63650917
63682741
63700374
63708019
63727314
63721702
63729294
63736932
63751548
63763340
63756012
63780607
63790499
63800869
63819622
63804796
63843541
63845546
63856158
63856939
63850775
63864107
63867664
63878712
63909106
63879057
63922170
63951911
63955402
63957708
63932026
63973082
63989980
64017142
64041630
64032819
64068523
64084098
64087450
64100103
64076211
64118113
64142376
64145946
64178283
64162407
64206229
64235647
64255679
64273071
64263990
64304815
64313568
64321952
64326145
64325251
64332380
64345337
64357363
64363357
64344746
64374486
64389838
64408771
64434304
64433129
64461733
64486588
64499806
64519084
