22096
43089
50132
78339
109510
86809
130418
135903
147710
157847
132716
168194
197627
229839
235565
205009
240370
243138
272713
303382
279591
307509
333490
338746
356705
336103
357122
370618
395958
424637
394409
440588
469432
480148
511163
505110
535797
568244
587975
615720
609638
632407
643650
658399
682473
673600
694711
720636
729941
739705
736792
765497
774341
781475
791327
777292
822405
825055
854531
868037
847773
878446
882216
914656
921409
901463
922290
924186
928034
959279
943401
960036
985068
1008584
1011571
995940
1033486
1064265
1077645
1084397
1066067
1106587
1107824
1126550
1138090
1115789
1162213
1188102
1202403
1207735
1200540
1212518
1217870
1249308
1275957
1254143
1306957
1334912
1354698
1364108
1335352
1375403
1383574
1385349
1394271
1372858
1397682
1409724
1410961
1418405
1391743
1445400
1454665
1472449
1473677
1451592
1475899
1491615
1506496
1520633
1497542
1522152
1545302
1567006
1583748
1559431
1598237
1614253
1628198
1639142
1635662
1666527
1679397
1690275
1711310
1680054
1741421
1772289
1797068
1805216
1781953
1830747
1860408
1891455
1917508
1913530
1939056
1959895
1961306
1993622
1974272
1999995
2015628
2042176
2054470
2049009
2064141
2064587
2071405
2074365
2074322
2081941
2089946
2116912
2135096
2119047
2141287
2154143
2185055
2188815
2165780
2202052
2204838
2226014
2251568
2233996
2266927
2284825
2309368
2314442
2300176
2346486
2348536
2367459
2384130
2369753
2401227
2401897
2424223
2441528
2438300
2466356
2468363
2489038
2489349
2472164
2515140
2541316
2547810
2570617
2550421
2590586
2619461
2628412
2631490
2622126
2641838
2648575
2671750
2699816
2685277
2702582
2733170
2754095
2772733
2748649
2791937
2818905
2842617
2866915
2854922
2881530
2910441
2924678
2925482
2908256
2947586
2959780
2961210
2982382
2957519
3010154
3018014
3043246
3059922
3045105
3066436
3084826
3090476
3097924
3066944
3130622
3135704
3149949
3174766
3156473
3194062
3209718
3226975
3251880
3224373
3252011
3270915
3281858
3285445
3261834
3296640
3323316
3349314
3380579
3354032
3407606
3431890
3447811
3452634
3424886
3455430
3478144
3491023
3515349
3489447
3532692
3553971
3580907
3599838
3587649
3621406
3645437
3658014
3666957
3661080
3698192
3698491
3719402
3721798
3716396
3725446
3754020
3770215
3780080
3773485
3780565
3783955
3801467
3827575
3797883
3850605
3883250
3896063
3925706
3919110
3942262
3955101
3977900
3988267
3985413
4010792
4017960
4048058
4066618
4033985
4074603
4088508
4088906
4110328
4089665
4115077
4125491
4125506
4151759
4119146
4174624
4175102
4190005
4205461
4192989
4217212
4219170
4229083
4238295
4222314
4243251
4265517
4296062
4328163
4296467
4343727
4358714
4383004
4397872
4386338
4426258
4434403
4439960
4445628
4430794
4461218
4465285
4485399
4504349
4482375
4506862
4519607
4539980
4560659
4549812
4593235
4605536
4626532
4644699
4632468
4666667
4690209
4711637
4725230
4708466
4736318
4744200
4766648
4783144
4774047
4806474
4816423
4844211
4868674
4852734
4880729
4903568
4918602
4932292
4905008
4936811
4962921
4993179
5001393
4981844
5025303
5053372
5062596
5093298
5072373
5114728
5126961
5128250
5151432
5125547
5168656
5173190
5174294
5176538
5158921
5199542
5203344
5229057
5250343
5245985
5279044
5288426
5320636
5323042
5294609
5354728
5377186
5396669
5424045
5416757
5430178
5431889
5440756
5453892
5438311
5483048
5487265
5496398
5522356
5516804
5534163
5537200
5558879
5562597
5549080
5584237
5605700
5619995
5631704
5611405
5657834
5682371
5708708
5719111
5718347
5745870
5754019
5766576
5785821
5754612
5786608
5803355
5830760
5841405
5825175
5857447
5865616
5880838
5902759
5902597
5907694
5932218
5960522
5968775
5968656
5973499
5993258
6022150
6044785
6012167
6057355
6067841
6090314
6094550
6078865
6126808
6144021
6146229
6160290
6146058
6176182
6196559
6209053
6241264
6212841
6262790
6293149
6319510
6345962
6336190
6365573
6367715
6367735
6379868
6357395
6383585
6392233
6403505
6420367
6412038
6431172
6450015
6478136
6482931
6457217
6486682
6507337
6518742
6536981
6508378
6553942
6555397
6583453
6597200
6574021
6613191
6645329
6651787
6663849
6657827
6692847
6707069
6708301
6719734
6689410
6737274
6756140
6778409
6800882
6793255
6828340
6859659
6869095
6878171
6854393
6895037
6898162
6929316
6954541
6950435
6961620
6967731
6997356
7006981
6983716
7025605
7044726
7062166
7091925
7091915
7121592
7141969
7166519
7177052
7147956
7190182
7207861
7229156
7247639
7244074
7249082
7273214
7274689
7301582
7291333
7305163
7312104
7344795
7349718
7340192
7355920
7378514
7399282
7427719
7419210
7441447
7460669
7483525
7495725
7486615
7509242
7510151
7539797
7548623
7542131
7575367
7602643
7616478
7632492
7631611
7664032
7687484
7708601
7714741
7701995
7725866
7731853
7764170
7791165
7780551
7791593
7797924
7829454
7831755
7799931
7854127
7871716
7898350
7916621
7889020
7923748
7941573
7951011
7955823
7955367
7970015
7988400
7994303
8005281
7996399
8020026
8049033
8060966
8092793
8082169
8103410
8133039
8154628
8177815
8153947
8189281
8201683
8210819
8214858
8183945
8246093
8259884
8269824
8301577
8300777
8308974
8323539
8324987
8351364
8339565
8355665
8360968
8379852
8402745
8400070
8423756
8438868
8443179
8454654
8433576
8471128
8485932
8495473
8508791
8489729
8532663
8534713
8562885
8569525
8567112
8600729
8625920
8648219
8654993
8644900
8657330
8682204
8705964
8717495
8699189
8723788
8739694
8761352
8779661
8769230
8779748
8799247
8824727
8830060
8821115
8844912
8876215
8879280
8909648
8888680
8925787
8944379
8948238
8968614
8945543
9001182
9002988
9034373
9062409
9054202
9081542
9087486
9108451
9137235
9113611
9164063
9172204
9188347
9206434
9195879
9229242
9243488
9256472
9263063
9244975
9269688
9290822
9295152
9319305
9296913
9325205
9335933
9353651
9377613
9352090
9408594
9425471
9428945
9442442
9415452
9455626
9466031
9493514
9503814
9479176
9516927
9530355
9546913
9559443
9554518
9575136
9595030
9606384
9634484
9623549
9660268
9678406
9680441
9682064
9674498
9705218
9717280
9722978
9746481
