23278
50972
72166
87863
94611
93005
122922
143894
156633
162943
153478
163072
188178
204513
221533
205858
221876
230555
237656
267629
249148
289741
315978
337127
342127
313242
352611
368986
397269
410377
397218
429357
460231
471273
493798
474977
525628
541655
563366
592960
574091
620569
629847
644711
655282
638778
665403
672310
703899
723314
698835
741330
763737
768026
778315
762709
794724
809649
820157
839658
823693
845804
874898
877826
909222
899687
938652
954691
964101
972255
952918
989152
1005727
1034919
1041530
1016202
1052745
1082310
1100937
1119998
1091962
1137874
1140588
1164297
1174860
1154332
1205064
1217684
1235081
1242797
1211750
1245414
1250020
1259700
1265881
1238687
1274444
1289113
1299190
1311928
1282097
1321988
1353459
1379226
1395681
1375464
1410624
1442665
1443569
1454615
1434310
1483336
1485925
1492234
1501024
1482890
1513389
1536930
1543592
1572557
1541193
1583343
1587518
1601376
1623208
1608642
1636020
1661886
1666349
1673025
1641064
1684252
1713067
1739233
1759495
1745393
1781438
1812787
1828798
1861250
1832998
1881148
1891479
1917262
1943780
1935313
1956192
1958258
1959167
1963095
1954273
1992291
2001296
2017694
2044519
2011767
2050697
2067476
2071192
2083072
2061824
2103131
2135662
2146410
2163243
2162760
2194052
2212698
2241999
2258451
2233108
2279387
2299408
2321299
2322590
2309134
2322679
2326749
2343825
2349803
2325760
2372748
2397696
2421638
2446561
2441008
2446913
2449901
2453600
2471017
2454452
2482502
2503636
2516160
2531955
2524487
2545528
2558738
2586048
2609965
2582338
2626395
2653117
2674682
2685172
2664493
2708347
2716606
2729610
2756720
2729419
2781221
2788980
2804875
2832821
2828440
2848296
2861820
2885558
2914579
2910446
2937273
2945407
2976879
3001584
2972771
3021136
3048388
3063559
3082153
3058012
3109902
3141517
3169672
3174628
3152056
3185015
3210054
3235133
3242389
3225660
3244399
3260263
3276690
3295027
3273520
3303153
3310921
3319079
3350628
3350245
3366255
3372686
3383865
3402008
3375598
3414617
3418720
3435810
3463164
3436185
3471936
3492255
3500773
3516800
3512334
3528215
3537331
3544218
3560317
3554041
3581140
3602235
3608007
3630107
3627095
3630308
3648401
3654377
3673512
3650212
3680349
3711669
3740019
3758780
3726684
3764198
3793912
3817774
3843920
3828430
3871417
3902215
3915983
3948251
3924805
3962241
3980254
3980438
4009259
3980107
4022133
4038347
4045460
4074225
4068399
4095059
4097500
4102795
4124648
4110791
4128707
4137232
4143635
4165632
4134273
4191371
4200087
4211811
4234387
4209610
4241976
4264832
4276390
4294032
4290842
4322315
4334314
4353010
4384884
4360202
4412819
4430072
4436806
4460250
4457124
4462719
4486596
4507278
4537103
4507860
4558442
4567210
4574173
4576767
4556302
4586724
4605241
4626438
4626942
4596238
4659210
4666474
4680132
4695679
4669796
4716191
4733492
4760329
4785585
4769417
4816218
4824493
4839664
4858447
4831514
4872373
4898777
4927615
4932444
4901161
4964112
4975462
4985684
5003570
4983522
5007899
5035872
5036872
5050257
5042074
5056766
5064634
5065705
5087310
5087303
5091026
5106465
5122554
5125737
5094696
5155043
5173075
5193455
5199882
5170946
5224894
5234438
5258235
5267736
5244240
5281129
5311662
5328601
5359807
5339743
5380066
5396122
5401510
5430894
5428942
5434576
5466305
5497202
5501642
5485994
5514248
5523581
5554888
5575314
5552279
5586652
5615300
5618848
5647591
5618885
5657682
5663945
5667606
5694437
5686140
5723789
5749760
5754475
5784596
5760295
5798376
5820383
5832725
5846538
5823513
5860428
5881086
5887910
5902921
5885501
5903670
5915805
5932018
5939550
5927335
5951987
5955682
5987537
6012355
6006125
6025176
6031578
6042821
6055003
6025033
6080109
6085719
6098085
6101172
6080195
6111163
6134973
6159302
6184386
6176386
6197073
6198867
6223822
6224279
6219892
6245773
6259029
6286328
6291845
6263413
6306617
6331817
6357344
6385278
6358104
6394628
6405236
6431159
6455228
6452346
6465579
6490134
6511470
6517260
6487927
6530064
6557628
6574274
6589493
6583241
6600171
6605907
6631263
6641412
6612170
6658191
6665835
6691387
6696551
6695622
6720640
6725977
6733165
6752140
6726996
6763131
6793522
6815742
6818993
6800762
6828964
6840764
6867654
6883207
6878364
6899511
6900031
6907642
6919006
6886927
6946981
6957449
6988280
7009743
6997465
7020819
7035740
7050748
7075542
7064763
7093333
7113061
7124216
7151119
7135930
7159931
7166364
7174757
7188942
7166433
7205748
7236814
7248994
7249273
7229964
7256819
7259652
7288906
7312246
7281116
7325783
7332321
7355239
7386818
7375189
7409782
7422538
7448464
7472894
7465805
7501091
7503840
7519210
7521793
7500158
7523890
7549041
7560047
7587048
7567698
7608941
7628414
7660112
7660388
7658421
7690313
7697899
7712235
7727102
7705717
7739017
7760531
7791741
7814107
7790754
7821971
7837325
7865525
7879396
7876049
7902806
7908796
7928706
7932194
7932173
7949057
7974515
8003844
8016030
8005920
8026342
8045859
8049526
8056533
8047640
8074915
8079793
8112091
8120716
8094547
8133573
8153189
8177937
8185989
8168508
8217848
8234591
8252482
8263582
8256579
8279596
8295487
8327259
8352961
8321277
8377195
8388946
8405218
8411082
8407852
8416760
8441227
8449057
8475591
8462508
8504775
8525752
8532646
8535069
8529550
8538557
8548300
8554902
8557641
8555058
8570503
8582987
8604093
8624341
8605970
8630192
8642340
8642461
8673099
8647701
8688805
8715468
8735377
8765531
8760842
8790470
8798342
8822089
8829999
8827587
8831720
8842253
8858665
8881439
8870209
8911826
8926093
8929030
8935535
8924511
8968027
8998576
9016706
9029030
9019043
9044218
9052220
9063933
9079449
9053473
9086949
9088619
9113428
9143884
9123700
9151056
9154458
9181471
9203326
9195614
9216924
9223533
9237451
9264515
9249705
9279701
9283801
9298787
9324731
9310071
9326313
9339706
9363883
9374360
9342722
9376200
9395605
9408185
9435648
9422508
9442042
9444878
9475171
9487417
9482877
9487479
9518657
9549599
9567939
9565446
9584550
9603252
9633432
9663334
9653225
9663876
9686246
9698677
9715263
9713020
9724234
9734737
9756825
9762927
9754117
9784278
9805514
9825660
9831413
9811046
9859760
9892238
9916485
9933593
9921768
9965573
9971327
9991808
9994501
9963621
10001804
10022439
10044380
10052657
10038097
10065819
10077849
10082870
10104595
10095327
10111658
10138578
10169680
10194460
10188414
10213891
10215939
10240335
10253474
10223922
10278224
10288878
10293106
10324759
10297117
10329432
10351008
10375472
10390268
10380467
10415084
10422142
10433176
10433344
10405637
10448381
10471350
10496611
10514476
10493102
10527391
10541161
10566203
10580410
10550369
10603604
10635372
10658615
10662801
10635887
10689195
10703071
10705140
10723148
10699713
10733630
10758954
10771979
10795533
10787969
10814567
10828678
10828921
10859125
10836975
10863328
10879934
10880716
10895076
10894149
10897322
10900147
10913534
10928086
10913521
10937191
10947242
10948388
10971330
10946038
10971492
10988248
10995595
11006799
10978553
11015188
11047628
11054296
11064972
11060301
11072340
11092987
11099846
11110736
11106010
11123061
11140967
11151828
11181530
11167179
11195774
11198663
11213221
11219242
11194012
11232784
11243591
11256173
11265362
11248864
11276138
11281818
11306903
11334750
11308505
11350342
11381342
11391563
11411263
11380994
11438523
11459483
11480475
11506755
11506299
11514070
11538999
11540621
11566356
11554784
11568944
11596729
11613119
11638385
11623290
11665581
11667984
11693965
11702973
11688631
11703972
11729713
11732639
11747807
11747402
11756932
11772028
11781862
11786473
11770384
11802126
11833049
11838018
11856272
11849340
11864808
11887840
11895329
11919293
11900646
11944234
11955316
11982842
11984702
11969113
12011040
12017178
12019342
12033921
12019037
12063929
12089521
12115105
12130161
12113896
12141493
12170311
12191452
12221264
12190271
12231184
12246688
12273876
12302803
12280622
12334563
12366157
12371916
12372432
12359988
12379360
12402896
12415131
12442578
12416804
12459738
12467396
12494246
12526198
12523264
12543963
12566078
12588021
12601530
12575762
12601855
12613198
12635602
12636654
12629966
12657487
12664051
12674538
12702212
12697338
12719141
12729981
12741675
12764823
12752562
12788522
12808662
12829561
12843874
12842137
12870371
12880093
12892026
12914231
12902526
12929174
12937504
12955650
12960196
