18901
49012
65814
75644
90206
78553
106600
113027
143289
149287
119112
153683
179431
203721
213218
198114
239801
263641
293219
313809
309578
340018
344902
373611
383253
351412
398125
399224
399444
402032
401983
433876
462710
465995
495470
471288
500842
520903
551637
581183
553990
586449
606137
610927
641150
613976
657063
677856
697035
722797
696997
728787
750681
753667
753770
728517
764195
781989
798832
812646
797396
840503
847045
879261
899140
869535
923484
950981
977007
991271
965724
994037
1001779
1029413
1047459
1041102
1061036
1076186
1083143
1106656
1102549
1108769
1123855
1124854
1136420
1107948
1156939
1178985
1191303
1218921
1189482
1228997
1229599
1248430
1275584
1248425
1290316
1306722
1332171
1353555
1339197
1378672
1393433
1417000
1432341
1415809
1438879
1446770
1467164
1493663
1486612
1517384
1538342
1544492
1554193
1544410
1555895
1581388
1592329
1621346
1594850
1624555
1630344
1637963
1647528
1627084
1648333
1659829
1664173
1695966
1695456
1708537
1732446
1763698
1768834
1754510
1797743
1808369
1816806
1830108
1815747
1844616
1845301
1855907
1867952
1845432
1899075
1907937
1913336
1941825
1934514
1953884
1986276
2000740
2007282
1977982
2021813
2047224
2070311
2071867
2058408
2081592
2106359
2119265
2146595
2121982
2175627
2192850
2221241
2233981
2210520
2265604
2274947
2286260
2316973
2289338
2335980
2336011
2347756
2360402
2340009
2380076
2385715
2409826
2420288
2390386
2423544
2428335
2433634
2440619
2422035
2443023
2445333
2457495
2476332
2469744
2491007
2501464
2514801
2545215
