12270
15232
42601
50165
74069
42935
84534
86987
114814
115223
91070
128334
159808
190961
207557
203023
214434
247189
260309
261620
240659
282976
302051
308331
333235
314661
333323
348068
360274
384040
381903
386419
412711
424403
455983
445247
462375
484530
504245
516137
515045
547466
563737
567547
584960
553159
603893
621854
623901
634932
625664
666965
675989
701880
730013
703700
731887
762105
771085
783840
751147
797314
818640
831794
848574
839409
868793
880843
889954
896769
880658
921402
926107
940382
963481
953133
968788
978030
989879
991740
961940
1018530
1030090
1046318
1070664
1047201
1100908
1120544
1125566
1152449
1149223
1156528
1185027
1199854
1228792
1207443
1257432
1290132
1310722
1314043
1282005
1340190
1356008
1356372
1360328
1331523
1371085
1382571
1384101
1402179
1398604
1407444
1424213
1437629
1469056
1442959
1491417
1516311
1517438
1519183
1490365
1519760
1534753
1566233
1576840
1573773
1585981
1603097
1604400
1614450
1586198
1620511
1639341
1667340
1686987
1676598
1709487
1721631
1733555
1749234
1727558
1768957
1788709
1813691
1827179
1803079
1842969
1875432
1875915
1889276
1857062
1890725
1918524
1948871
1960809
1957238
1992793
2016881
2045927
2049846
2018973
2071389
2078411
2084354
2105015
2074140
2118058
2126311
2137600
2158924
2131387
2187235
2212251
2225733
2230856
2225262
2261414
2263882
2274778
2277856
2246974
2287784
2290755
2318854
2333724
2313585
2362001
2384507
2408251
2438854
2429521
2470157
2479835
2485006
2505049
2486715
2537438
2563069
2594702
2621049
2608638
2624858
2651645
2670571
2683377
2679598
2703522
2706825
2712701
2724651
2693401
2725578
2756678
2764688
2771563
2765508
2800096
2826567
2827512
2851036
2826518
2864248
2883411
2914463
2933949
2915216
2934360
2957122
2982439
2990681
2960538
3002753
3030771
3057641
3070300
3050767
3098586
3098744
3110353
3132438
3131198
3138849
3165693
3186078
3212281
3206136
3236026
3240088
3241910
3270974
3239232
3275304
3291922
3292324
3306356
3292560
3310181
3320644
3333964
3362415
3349683
3374989
3388466
3412909
3433235
3417790
3455163
3481462
3507070
3524352
3515100
3538042
3543790
3570545
3584774
3564786
3602476
3610463
3628497
3634368
3609929
3663510
3690396
3715487
3739827
3714044
3772206
3775687
3805814
3821445
3794765
3830231
3847371
3859444
3863393
3858677
3873312
3887588
3914447
3946768
3945860
3956169
3983619
3992339
3993666
3989349
4004647
4025383
4041708
4064021
4059644
4072567
4087649
4104313
4128999
4117168
4144659
4174436
4206185
4210779
4183195
4236257
4245684
4278067
4282791
4264715
4291299
4297062
4307275
4331351
4330611
4358973
4384047
4385464
4417914
4399595
4446186
4469197
4472131
4479921
4470674
4510172
4524984
4547448
4563797
4560701
4595510
4614084
4614622
4638087
4618226
4640254
4656778
4676758
4706584
4705640
4723004
4737275
4756024
4784257
4756801
4785782
4801968
4833890
4848260
4824905
4856168
4857573
4878982
4903393
4893684
4932166
4957796
4975844
4976327
4970551
5007233
5028637
5051426
5082163
5051245
5105210
5127054
5154367
5164475
5163858
5190568
5200279
5204355
5226588
5215687
5247137
5275097
5298207
5313973
5284872
5339321
5351375
5371801
5400317
5393620
5404683
5423872
5453806
5459351
5449509
5487598
5515848
5537328
5565085
5558555
5595748
5599869
5616943
5631641
5605490
5645967
5669107
5672110
5691889
5664829
5695013
5706388
5716372
5720010
5697025
5728617
5761353
5786826
5794606
5771669
5814265
5817193
5830189
5850465
5830481
5879817
5881936
5900464
5909591
5900424
5942186
5967531
5997924
6021213
5989225
6046811
6070460
6098463
6099429
6067537
6121370
6144254
6165780
6196997
6192645
6201765
6224105
6228967
6249529
6225338
6272676
6291232
6297691
6319417
6295797
6322315
6326878
6349666
6378922
6371461
6390951
6398846
6401171
6425533
6419408
6429708
6430751
6431575
6456895
6446867
6456982
6478264
6482179
6485991
6469919
6486570
6511353
6520281
6551385
6535679
6551396
6558795
6569152
6596953
6595870
6598964
6630028
6653572
6672579
6653472
6705024
6720847
6736438
6760862
6737697
6776130
6805423
6808243
6834699
6832330
6851918
6862341
6872036
6883822
6867935
6907914
6936732
6967594
6975007
6955715
6990180
7010752
7018964
7021942
6996910
7045006
7074017
7080624
7099510
7090856
7129555
7157569
7181103
7197364
7185610
7222942
7229167
7239943
7244360
7225418
7263315
7274644
7306126
7312636
7304918
7324915
7331580
7347697
7356332
7334834
7389092
7420962
7448444
7481128
7467444
7496383
7525995
7552909
7583640
7558006
7608559
7625322
7626654
7629547
7610057
7661147
7666923
7670704
7685898
7661277
7715449
7744160
7769620
7795827
7780573
7797035
7823390
7856045
7876333
7856536
7884154
7904552
7935370
7938103
7926702
7938856
7953499
7978504
8002931
7989140
8028511
8037787
8047982
8057110
8032586
8061759
8071394
8075162
8091386
8081561
8095578
8101606
8104679
8122189
8089714
8152337
8179631
8202667
8223675
8205377
8255863
8274589
8292843
8320190
8309764
8332046
8362150
8367737
8373971
8351749
8388895
8397205
8410642
8442263
8419477
8455827
8480193
8485289
8506464
8483292
8515906
8537705
8552084
8555632
8538738
8568338
8599961
8623665
8632267
8604455
8633614
8647535
8662260
8667970
8663803
8694738
8721243
8722220
8726652
8695936
8739948
8746061
8757731
8777458
8769964
8805976
8807172
8833316
8854149
8836113
8875052
8876072
8906695
8917316
8907202
8918538
8947321
8965438
8985087
8960253
8996882
9026601
9057918
9090410
9087686
9105953
9106401
9126895
9143109
9140142
9150910
9178831
9203660
9221529
9191175
9230701
9232189
9259138
9262874
9251679
9293703
9294650
9308149
9337919
9330721
9343499
9353529
9370411
9396614
9382608
9427799
9431169
9435665
9438670
9406144
9461136
9489072
9515767
9530103
9502339
9558432
9569194
9573253
9588802
9562040
9598398
9624646
9645361
9647827
9633864
9659746
9692120
9694771
9713602
9704840
9736277
9747260
9776057
9797553
9793706
9823867
9846488
9854167
9866256
9865847
9879310
9892931
9924559
9945296
9918440
9970721
9990412
10017046
10027176
10015851
10040142
10042091
10050240
10075519
10057987
10106308
10108517
10137278
10160567
10147973
10175398
10197012
10205718
10234521
10204835
10242366
10257132
10267569
10277459
10250688
10300330
10326880
10346658
10351414
10340933
10358149
10371078
10389503
10407066
10386072
10419505
10423194
10430990
10459471
10442639
10485200
10498176
10519999
10549932
10536686
10566807
10569617
10576459
10583016
10581548
10611041
10627074
10646530
10651536
10629182
10668029
10675409
10700412
10725356
10716667
10750173
10759031
10767498
10791299
10775362
10818606
10820422
10842311
10851820
10830364
10869351
10884748
10915744
10920782
10898228
10950695
10962093
10976417
10987101
10965123
11008621
11040601
11062698
11083919
11054015
11113183
11117659
11144449
11149068
11123886
11165530
11189197
11205090
11217168
11204539
11226442
11239355
11246079
11251668
11248924
11264782
11275632
11283909
11309489
11292656
11318608
11346349
11372409
11397617
11379764
11402608
11433638
11464885
11482477
11477465
11488406
11489906
11502093
11529301
11527712
11542485
11557228
11559749
11562869
11555757
11569355
11572198
11598865
11608290
11578965
11624866
11635270
11655606
11687815
11683761
11700613
11730261
11755520
11768209
11765859
11780846
11811548
11828519
11842525
11836924
11866661
11883502
11905477
11921842
11911322
11948658
11957876
11957999
11960430
11929815
11969791
11986128
11998346
12023545
12012101
12034210
12056401
12088754
12116320
12090578
12128037
12133163
12150380
12173045
12167676
12204594
12205720
12224405
12248772
12239516
12274438
12292310
12296091
12308755
12293053
12323038
12339532
12341559
12370477
12367337
12384875
12415357
12447353
12464755
12447090
12489163
12495752
12522696
12550809
12519769
12580565
12593203
12600859
12609545
12586859
12629309
12646383
12667096
12691894
12680342
12696028
12702971
12734653
12750047
12725640
12776457
12801047
12823125
12846491
12832458
12862866
12895156
12923823
12934529
12913831
12940170
12952414
12960061
12991595
12983436
13000583
13004653
13022757
13041355
13027564
13050208
13072477
13089653
13103986
13075796
13107055
13120765
13129851
13161906
13154964
13178066
13185527
13192540
13205955
13183413
13231371
13254022
13256052
13260499
13252596
13286448
13302724
13333387
13352549
13340763
13369172
13376802
13386458
13408180
13388844
13412579
13437496
13466940
13485187
13468933
13486470
13503464
13525779
13529377
13515588
13534618
13535704
13546218
13569090
13554062
13574411
13594381
13612328
13629720
13604180
13635161
13665642
13678759
13698359
13665851
13728243
13733334
13765823
13784084
13757256
13787832
13808078
13825935
13830015
13804350
13852129
13875599
13907835
13936827
13906155
13950757
13977361
13985276
13992711
13966023
14019614
14045626
14061910
14069306
14039250
14086770
14091473
14119394
14147739
14127009
14172115
14177603
14181732
14200022
14172116
14205330
14214418
14228703
14229159
14199171
14242815
14258005
14279821
14297469
14282398
14318522
14320398
14321014
14345160
14325041
14373683
14406180
14432175
14461014
14438670
14493136
14519462
14525698
14556075
14551957
14572460
14584774
14601913
14632867
14631921
14646369
14672772
14677454
14698187
14665711
14728915
14729458
14748200
14760818
14746306
14776318
14782466
14811365
14812165
14805556
14828988
14847809
14858376
14859255
14848027
14884947
14910088
14941973
14947107
14917568
14953132
14955590
14982485
15012732
15002708
15027888
15042759
15058070
15086027
15061379
15098422
15116431
15127244
15136327
15118101
15165805
15172382
15178471
15192171
15188914
15211781
15242609
15258678
15269362
15262058
15277554
15301411
15333478
15352625
15321165
15384040
15415869
15424035
15454982
15443707
15486895
15494896
15511812
15520507
15508046
15529497
15542551
15560201
15569621
15539719
15595221
15607240
15615929
15629534
15613165
15660133
15666604
15677143
15705306
15703736
15737374
15753522
15758367
15782609
15771372
15807044
15818637
15825927
15845954
15821720
15850364
15854234
15875008
15883877
15865618
15895647
15919040
15939720
15960892
15938948
15986682
15992863
16001685
16002743
15981572
16030378
16043252
16044840
16060734
16043779
16068506
16088080
16106037
16117002
16105100
16139923
16145244
16166383
16173681
16141170
16204429
16222537
16229168
16252832
16239224
16256092
16278805
16300510
16331216
16306103
16338306
16366442
16367649
16382154
16377637
16402224
16405925
16423080
16423109
16403217
16445298
16454821
16455142
16474192
16442857
16481794
16504572
16519639
16523855
16508858
16533415
16544660
16576660
16605080
16576870
16613824
16621558
16628964
16651505
16647141
16665433
16691796
16724115
16747835
16733694
16772093
16786514
16793018
16814072
16788667
16834217
16866520
16895852
16913125
16887917
16928650
16929693
16960815
16964058
16950791
16975186
16979761
17010628
17023153
17001666
17027867
17059966
17072876
17086661
17056290
17118174
17143112
17158163
17163112
17130691
17176712
17202018
17232442
17261447
17231543
17265309
17271846
17294198
17297218
17275374
17326521
17351554
17377106
17393795
17376292
17416282
17431024
17440835
17454878
17447971
17462980
17489590
17493644
17512781
17503713
17535716
17544231
17563594
17582166
17574706
17598308
17611918
17632008
17640733
17619914
17668211
17697976
17708733
17730956
17704524
17742911
17773235
17800775
17830213
17829042
17831180
17841420
17865171
17866530
17836434
17894161
17920104
17923625
17929785
17902601
17957838
17978133
17985040
17987142
17977042
18006880
18033882
18060010
18080001
18062630
18097271
18106131
18116683
18128826
18097062
18141105
18165627
18190984
18191364
18171853
18215393
18241910
18246485
18275762
18254831
18280918
18297742
18320147
18321284
18315935
18335446
18353974
18358365
18379911
18363645
18411371
18427839
18459002
18467152
18456846
18469636
18499441
18518263
18519056
18518613
18535943
18557009
18581050
18594928
18568046
18616933
18622511
18638431
18661342
18651742
18666812
18667086
18677131
18703581
18702553
18734572
18755751
18759013
18789043
18759156
18794222
18810812
18822258
18829436
18805605
18842811
18861639
18877071
18877927
18850587
18906394
18914496
18933829
18961909
18946152
18991553
19009146
19011040
19022740
19021783
19033740
19061567
19071530
19090216
19072869
19120654
19145186
19151324
19178182
19156839
19202729
19230286
19244016
19263550
19249964
19268766
19271285
19275058
19287816
19267819
19310284
19314845
19333103
19333554
19304946
19334398
19354825
19368605
19384568
19360673
19408469
19437730
19450187
19452618
19427806
19459735
19472757
19486322
19502031
19499477
19534058
19548964
19555881
19579721
19570881
19597019
19600956
19623256
19629051
19626147
19656963
19672188
19679572
19703407
19682960
19734855
19756952
19772352
19787084
19775415
19812187
19833515
19854552
19863167
19845957
19867755
19876276
19908988
19909425
19902739
19930679
19950094
19964676
19990365
19966400
20007895
20010220
20025615
20032539
20006420
20040253
20071510
20082529
20087814
20070986
20095802
20108410
20121128
20132103
20118459
20149437
20157717
20190483
20196845
20189281
20228994
20245204
20249302
20276416
20272521
20276785
20297986
20313147
20325011
20306033
20351830
20352490
20365027
20388435
20355787
20395468
20401333
20417458
20425401
20409076
20457634
20488763
20512991
20543678
20535217
20551121
20583823
20607170
20633639
20622296
20638115
20651653
20669538
20670971
20670513
20695730
20726548
20744781
20761067
20731277
20783153
20808313
20829433
20831689
20813795
20852107
20854996
20869350
20874352
20867220
20887195
20896186
20908358
20923613
20901612
20928768
20934845
20959570
20967898
20963569
20996574
21012745
21034440
21063519
21059863
21094936
21117795
21138172
21170316
21158998
21200282
21225077
21240542
21254637
21246292
21259560
21274545
21299171
21303506
21271700
21326467
21349864
21374323
21403252
21373084
21420369
21449974
21473129
21487598
21476066
21491872
21498466
21513695
21535385
21523567
21539756
21555786
21557665
21589550
21580216
21619513
21639369
21654641
21672842
21661185
21673386
21691327
21718139
21741220
21722043
21771429
21793801
21808945
21819252
21801027
21846216
21858779
21862511
21885622
21884797
21916900
21932805
21948487
21968620
21944277
21988367
21995860
22009362
22014137
22007963
22031954
22060938
22079651
22082833
22078749
22103697
22122751
22123041
22133789
22104035
22134828
22139450
22160961
22168367
22144378
22180939
22212976
22241646
22263540
22238481
22288212
22299184
22309297
22330668
22328810
22342053
22343104
22362703
22384615
22359526
22391313
22398916
22399546
22427135
22396412
22430711
22439538
22443243
22445258
22415116
22455328
22472895
22484035
22515725
22484868
22516816
22531953
22542346
22544759
22541454
22572272
22589667
22593882
22614814
22590427
22627297
22644634
22666178
22692755
22677614
22708799
22709377
22723954
22727219
22697223
22755386
22760523
22775715
22798183
22769405
22810125
22819753
22823125
22826407
22803929
22831084
22856956
22867399
22875898
22858137
22902541
22930184
22934075
22966822
22956306
22990463
22995646
23003230
23018510
23015797
23041935
23059613
23089317
23114639
23104717
23138685
23160129
23190309
23207599
23190780
23226119
23246019
23269452
23292591
23284778
23301738
23311007
23320133
23340392
23337850
23353117
23370042
23372377
23396215
23367289
23405675
23413035
23417901
23421289
23395246
23432599
23447115
23464638
23487791
23470075
23501457
23529975
23533529
23552030
23542488
23568598
23573258
23589831
23614623
23582030
23639643
23644357
23645447
23661834
23644916
23670101
23672937
23698134
23722058
23701427
23743619
23765411
23767001
23771610
23762864
23797467
23820182
23838161
23865650
23858499
23877801
23891554
23895411
23924760
23917266
23953615
23970531
23993540
24018628
24001863
24037096
24061358
24064764
24069854
24050063
24098140
24115480
24145703
24175308
24143271
24198363
24204128
24231060
24236150
24221086
24261592
24268302
24270949
24289966
24277967
24311350
24339826
24355258
24387288
24360314
24412958
24417248
24441603
24455481
24426475
24466299
24498843
24500389
24505172
24492178
24522057
24538899
24540675
24557764
24549069
24586189
24594288
24626693
24636661
24614142
24643201
24650884
24658924
24687483
24671093
24692104
24724651
24742588
24767071
24751444
24768842
24777469
24796944
24825869
24819325
24829856
24861927
24872199
24897331
24897090
24899336
24910535
24922738
24941325
24911470
24948825
24959460
24962700
24977980
24972429
24994845
24994950
25021164
25041354
25039149
25072743
25080125
25083115
25100537
25085205
25109349
25122126
25151479
25182574
25181084
25201678
25208340
25208361
25210428
25186682
25212263
25213096
25245609
25267607
25241994
25295425
25309461
25339547
25357551
25341188
25363458
25391623
25398630
25424858
25421090
25437292
25442804
25473468
25476427
25470582
25508852
25529822
25530045
25554374
25549287
25560023
25576739
25588597
25608706
25584735
25620990
25624399
25640435
25655636
25652315
25660490
25683564
25707339
25732129
25719435
25758202
25782834
25802184
25825286
25801876
25838085
25853134
25880340
25909189
25907276
25928381
25934310
25943521
25962218
25939623
25981822
26011027
26011262
26011847
25999371
26018293
26027034
26037090
26054231
26050871
26069522
26076311
26094872
26095115
26067432
26101754
26133407
26144065
26154553
26136378
26167099
26174813
26186832
26196786
26170383
26227667
26239465
26267587
26297366
26289930
26298944
26305570
26323667
26342310
26332218
26350647
26377917
26398381
26425905
26412529
26445062
26456108
26487522
26513233
26488605
26528471
26532915
26540440
26557299
26530875
26572039
26591262
26610969
26640529
26620763
26649564
26671661
26688012
26709525
26686232
26716175
26734323
26738985
26758187
26734242
26760141
26783433
26801844
26832651
26817071
26864305
26876893
26890743
26892085
26870907
26923699
26942060
26966865
26993349
26978372
27007268
27017542
27023032
27051102
27047823
27075545
27083914
27089110
27100109
27096794
27117957
27137710
27168373
27197697
27191022
27198957
27224880
27245881
27266620
27235868
27298067
27305739
27320191
27323347
27300328
27338691
27339250
27356779
27385635
27370251
27397236
27418879
27439193
27449921
27440709
27456181
27477467
27500559
27525467
27496238
27532696
27555838
27569035
27590321
27589968
27616188
27644519
27674447
27704663
27672006
27713600
27714873
27720680
27730230
27719008
27748661
27768998
27778155
27789289
27758528
27809985
27813094
27830979
27856270
27838107
27880353
27892794
27895170
27896875
27876482
27924251
27942992
27952540
27974747
27961965
27995158
28007048
28029425
28030677
28007064
28058325
28065429
28085420
28091111
28061280
28122061
28123010
28154361
28184013
28166281
28205786
28214832
28239858
28240904
28226570
28269712
28276707
28303885
28331197
28310226
28335804
28343968
28359715
28374480
28373124
28400214
28414875
28446029
28477420
28447038
28507540
28511689
28538139
28564284
28550985
28574445
28591091
28604089
28608688
28588718
28635371
28659169
28686118
28696045
28687567
28715232
28727166
28734602
28738347
28728182
28764374
28786940
28812493
28820410
28788428
28851095
28867324
28874048
28883769
28860264
28909771
28935342
28967564
28998818
28979323
29019867
29026497
29028835
29040312
29015488
29059902
29060135
29064693
29088086
29074120
29102236
29106479
29138161
29169045
29161976
29179035
29188312
29194697
29216648
29188289
29221970
29250924
29270393
29277238
29260215
29291688
29313417
29342844
29356172
29323806
29362101
29379163
29381101
29391686
29367537
29419490
29420902
29440686
29466658
29460075
29492529
29521026
29544987
29558756
29549143
29561052
29574240
29586186
29594707
29570153
29617361
29627993
29643742
29645260
29640519
29654091
29677581
29682981
29689038
29678181
29717769
29749576
29780478
29794550
29769539
29823144
29831099
29845693
29851437
29830406
29876503
29904434
29925562
29936302
29905957
29943063
29962354
29992692
30009085
29995849
30014302
30045532
30062473
30066246
30047520
30085527
30100771
30110452
30116742
30099251
30127737
30133782
30139268
30147519
30130106
30170371
30199079
30223234
30229158
30209015
30261356
30276982
30305803
30321456
30309086
30346257
30359279
30378762
30404415
30372629
30416818
30418943
30428940
30431649
30413071
30439086
30462561
30492558
30511866
30497567
30536307
30549246
30576259
30595258
30589962
30609411
30622304
30629907
30660225
30641095
30686417
30714653
30721195
30726275
30718152
30758781
30774900
30804210
30810194
30786508
30833524
30864460
30866520
30883572
30869534
30889995
30920066
30942371
30945753
30922352
30968900
30981130
31000328
31012656
31012104
31034638
31055896
31068777
31073137
31057668
31100809
31129026
31129121
31152802
31137492
31152925
31157442
31185031
31214470
31205969
31246429
31271344
31275226
31303758
31279668
31319320
31341147
31345479
31355369
31338057
31382431
31413644
31418974
31429400
31418734
31458474
31489102
31510152
31520778
31510990
31537494
31550191
31582105
31608279
31596735
31633356
31644252
31664950
31696849
31696677
31726785
31731758
31735864
31765601
31744268
31767367
31791405
31796779
31815176
31798412
31818723
31846678
31875666
31904499
31889418
31904977
31937236
31941125
31949510
31926226
31975401
31994841
32009291
32025002
32023038
32038365
32040481
32059762
32067917
32037488
32078897
32111368
32119900
32141289
32120359
32154266
32182598
32185180
32203284
32191667
32205374
32229486
32242010
32267228
32261133
32268105
32276544
32300699
32333102
32331712
32343413
32347433
32365595
32365681
32332976
32391257
32399616
32415359
32415786
32388846
32434658
32436814
32468248
32495751
32493525
32516230
32522061
32538080
32545302
32518698
32572910
32584201
32601533
32633899
32606863
32647775
32665558
32672271
32684373
32674812
32689975
32703462
32706787
32711940
32710923
32729434
32742877
32770873
32774748
32755410
32798577
32802768
32821757
32837996
32813785
32841992
32870555
32893893
32895910
32880176
32898721
32911858
32925311
32956882
32933327
32964465
32990499
33022997
33045073
33028452
33070189
33070700
33095906
33120831
33112211
33124899
33142626
33158203
33160249
33134166
33180383
33183387
33196261
33202758
33188609
33233940
33257628
33288481
33308575
33297449
33317239
33340025
33364093
33373096
33365896
33391833
33418102
33425058
33435033
33412662
33441728
33451825
33470707
33496168
33482127
33509449
33512805
33524746
33534934
33521937
33551186
33558773
33562543
33566508
33538587
33591320
33598237
33612942
33616767
33586220
33637754
33661125
33674808
33690904
33679552
33695612
33708373
33710387
33721919
33706948
33722738
33746850
33768673
33777294
33774606
33809266
33815813
33830310
33849275
33841072
33864804
33869672
33883051
33893490
33880460
33912999
33932763
33951104
33980663
33971382
33989901
33998394
34021580
34048477
34021986
34056853
34057108
34089846
34096246
34068212
34107726
34116676
34125937
34139761
34123492
34149882
34173591
34191371
34209077
34184494
34219156
34225234
34227503
34255787
34234384
34280224
34301395
34308383
34334616
34321762
34347578
34348638
34372764
34393048
34361100
34407176
34419649
34433010
34456308
34452581
34458577
34488341
34494364
34518944
34516977
34520348
34521651
34543393
34546564
34515768
34556844
34589222
34607591
34627406
34626014
34658661
34666547
34690568
34705327
34690437
34713688
34716063
34732077
34750256
34745213
34758104
34758408
34761496
34785546
34772502
34797170
34798531
34818171
34841288
34820133
34866132
34898771
34929311
34947206
34920132
34978462
34983731
35009608
35029161
35020452
35061079
35069122
35072893
35083936
35082895
35110380
35129379
35143599
35158318
35129322
35190773
35202736
35231560
35257231
35252597
35261312
35284521
35308898
35329140
35311772
35337785
35368429
35399525
35412171
35397300
35417808
35436735
35443396
35467322
35446211
35493472
35493713
35519627
35533920
35523342
35542593
35572879
35576761
35597461
35582380
35610652
35616999
35641917
35653596
35626408
35675763
35698215
35713444
35741339
35722013
35772756
35797722
35802029
35823597
35798846
35829529
35829662
35861781
35893872
35864062
35916936
35948384
35967888
35968734
35949610
35977876
36005207
36021672
36029023
36022680
36043230
36046951
36074605
36105112
36086526
36113983
36143845
36159375
36179670
36169081
36191836
36208538
36223688
36235218
36222515
36262307
36275132
36307541
36307860
36277069
36320132
36329770
36351692
36359051
36333732
36366190
36396081
36407367
36413501
36391042
36422574
36430683
36450021
36477210
36453749
36494215
36507137
36520475
36536110
36524070
36556394
36586692
36614339
36615236
36588779
36632048
36653122
36681264
36709198
36706777
36739643
36769976
36782668
36806711
36782330
36817644
36847007
36851481
36863529
36859947
36870140
36889955
36921354
36950894
36934923
36973857
37006381
37015749
37032354
37025120
37045832
37077119
37081720
37086644
37057962
37105411
37136677
37156825
37158125
37139149
37188115
37199770
37208017
37231600
37201343
37256567
37275528
37294793
37305029
37272556
37323783
37355132
37387198
37394010
37371867
37400012
37409600
37425163
37447405
37432121
37462170
37472767
37476995
37484868
37471068
37502479
37505885
37521678
37526399
37520406
37534603
37541752
37546257
37559721
37543398
37560032
37565582
37567825
37579414
37556651
37584320
37605513
37611403
37617167
37587684
37636786
37648851
37666100
37697367
37679120
37723943
37730545
37732290
37748110
37729206
37768892
37784620
37793786
37800302
37767616
37829788
37859248
37874963
37888499
37860372
37903971
37911199
37923947
37943390
37927031
37968992
37994139
38004544
38025042
37996378
38056580
38077178
38078398
38094964
38069691
38101582
38101820
38116793
38134425
38120552
38154840
38162464
38193700
38197532
38190093
38225727
38234510
38235343
38255052
38239884
38261834
38268330
38282369
38282441
38270690
38313393
38315244
38318683
38329365
38312767
38332817
38345052
38358755
38362350
38331559
38365268
38370644
38388564
38406363
38382921
38420444
38451601
38478614
38482066
38468293
38511996
38541008
38567892
38579311
38559453
38588635
38603943
38605560
38607485
38580456
38622476
38633115
38641424
38670871
38667618
38680582
38686761
38716920
38730780
38712721
38749422
38778210
38799546
38811258
38802046
38828885
38852363
38876477
38886530
38875930
38910623
38932399
38939996
38953666
38926083
38960220
38960485
38963726
38973245
38947165
38977265
39005538
39013148
39032808
39005542
39043962
39046261
39046615
39066828
39048442
39093110
39102141
39118961
39138052
39129679
39151492
39167164
39167854
39188224
39180931
39202761
39219575
39225930
39249568
