23861
22361
28581
11918
18075
31627
13091
24591
6493
15281
32428
14788
13970
18264
2857
31294
26260
31038
27882
14044
12887
7004
22425
24559
26362
11300
24177
20507
30620
2312
1195
27393
12657
8763
12857
3866
30229
7099
24759
24294
28704
32655
5279
9543
30202
25933
30396
22823
3825
13024
8673
1121
20104
23176
30938
4575
31250
14882
6307
18176
11392
32682
15064
27708
27768
14078
7277
26890
26791
25829
15519
22273
20055
21327
2090
20542
28228
29407
17597
32007
9131
30118
20651
9389
12709
1842
2787
17847
2739
17863
30498
31036
13978
24812
29287
9617
19057
297
2984
17445
9976
23824
21699
16040
28971
8058
16311
10099
30999
787
23572
20772
749
18201
2224
2440
9813
24928
28060
31679
14340
4506
21078
32154
29073
14805
9280
19528
19332
8261
16721
31794
15793
32324
23307
8227
22980
151
1453
27564
29724
7411
18345
21703
20189
24767
15704
30906
31552
7452
9453
18494
25902
5155
26280
16097
15630
2925
27980
10665
13275
26585
25298
16634
15737
13961
9567
6585
19785
18222
2164
12722
16635
15238
13924
6967
28067
12323
17932
3082
783
25197
22718
21374
14680
30698
21630
31704
31928
19133
3697
6907
2971
24429
31122
5701
15097
26600
11687
23988
21730
30664
23156
25165
17755
19924
31534
19390
2408
22218
24114
12610
5226
19804
21751
22981
8107
7032
8257
18249
6200
24780
27800
4488
7919
17034
29433
21466
20184
26728
4555
12890
15801
19180
29204
14916
27364
14054
3309
8610
4180
10814
9524
10792
2552
28143
2432
11100
18255
4436
12890
2042
31541
10915
4266
4758
32253
183
8303
9603
5567
530
5043
29172
6387
11554
10687
19041
7999
19907
1675
27692
13454
13318
7800
3205
16994
18480
2625
11403
9067
8198
22319
30899
5464
31048
10125
14190
31981
15740
14172
2822
12374
29420
6472
2761
15291
16114
16346
30570
21524
23923
9966
3748
27711
12714
12648
16928
8271
21543
3875
21913
27432
16919
16170
10302
23113
4549
555
11608
13288
20577
20776
22572
17220
27905
11376
32547
16183
21733
22222
31272
32522
9471
20736
82
29070
5298
10602
2243
2664
32219
29708
13008
6573
9742
32434
31074
16815
11554
5482
13723
32534
17647
27451
13501
30514
5718
31508
25928
143
30594
29955
24419
6602
22382
2983
19581
17060
679
13800
29236
27477
9556
14565
25718
28195
11891
3630
8934
18226
30821
31284
9601
32414
23213
26366
7297
30919
2293
22301
26497
8428
25425
1249
2019
8700
7112
461
4719
8616
21777
27209
25660
12733
7834
407
7892
27569
29135
18952
12179
27259
5272
28016
26192
5800
1315
2519
24384
30892
21221
13937
17430
1398
2267
21713
10351
6471
3350
601
1390
5315
6518
15861
6307
20553
12726
5641
10802
22912
15016
29351
32305
12082
5826
20486
30033
28510
27610
32047
8385
11144
30254
13050
19791
22356
3239
5945
18897
1363
14943
51
27843
26141
4448
3156
7473
15776
6831
25122
25304
17079
1929
11379
16776
7423
2028
9949
25548
29926
27225
20079
22733
18948
26841
2718
26996
943
18238
25218
18639
28617
9899
4675
9142
9181
12886
5326
21422
