22814
16497
22058
27864
12399
24885
25843
15736
22238
30522
4146
22550
1328
30716
22523
23240
17972
21475
30891
10181
27988
25217
13855
21450
23402
25620
26403
21436
1493
15443
21805
11662
29643
19047
17484
12389
9712
567
14171
30714
7208
10984
17530
16192
28074
26276
3519
17992
10071
26523
12840
20321
25673
30280
19156
30595
21678
11510
18547
28142
9943
3202
17660
20238
1676
20066
7582
9890
9891
6118
26872
23837
2257
29374
7564
5196
30655
11965
31857
14138
26464
4317
5193
16721
12163
29570
28787
193
21668
15363
18562
22566
21256
18790
17389
17253
8201
16491
9735
9174
