1995
1991
1982
1974
1967
1960
1959
1952
1947
1946
1938
1930
1923
1917
1908
1901
1895
1886
1880
1875
1866
1862
1861
1853
1851
1844
1838
1837
1831
1825
1816
1814
1810
1804
1801
1791
1783
1781
1775
1772
1769
1761
1756
1754
1746
1738
1736
1728
1726
1724
1719
1716
1706
1703
1698
1688
1682
1675
1669
1666
1665
1655
1646
1640
1634
1633
1628
1619
1614
1606
1602
1594
1591
1589
1588
1578
1572
1571
1566
1557
1547
1542
1537
1533
1527
1519
1509
1504
1499
1491
1481
1475
1474
1473
1464
1454
1446
1438
1429
1424
